cost	target-start	target-end	target-length	left-primer-start	left-primer-num-primers	left-primer-frac-bound	left-primer-target-sequences	right-primer-start	right-primer-num-primers	right-primer-frac-bound	right-primer-target-sequences	num-guides	total-frac-bound-by-guides	guide-target-sequences	guide-target-sequence-positions
2.8869897580044537	394	544	150	394	1	1.0	CAGGCCACATCAATGCAGAATCATCTTATG	514	1	1.0	TCTGGCTGGGATGACATCAAGATCAGAGCT	1	1.0	ATTGCTGCCAGAGCCCCAGATGCTGCTC	{424}
2.907678667660241	13084	13192	108	13084	1	1.0	GAGTACCCTAGCAGCAGATCCTTATGCAGT	13162	1	1.0	CCAGCAGACACTGATGGAATCAAGTGTGAA	3	1.0	CACCAACTATATTCCTTAAACGGCATGC CACCAACTATATTTCTTAAGCGACATGC CCACCGACTATATTCCTTAAACGGCATG	{13134} {13134} {13133}
2.9563000822449523	13891	14030	139	13891	1	1.0	GCAAGATGCATACGAACTTTCTAAGACACG	14000	1	1.0	GGAGTAACTCAGATGAAATTTACACCTGCA	2	1.0	GTAAATATAACTCTAGATCAGCTCAGAG GTGAATATAACTTTAGATCAGCTCAGAG	{13922} {13922}
3.0793480554261383	200	424	224	200	1	1.0	CTGAAGATCGGAGTTTTGGTGATCAACAAT	394	1	1.0	CAGGCCACATCAATGCAGAATCATCTTATG	1	1.0	TCTGATACCTTAAAGGCAGAAATCCCTG	{238}
3.0851590937877345	2737	2964	227	2737	1	1.0	ACATGTGGAAGATGTCCCAAAATTTGCGAA	2934	1	1.0	CAATGAAAATAATGGATCCTGGAGTCCCAT	1	1.0	CAAAATTATGCTCACTCAAAATACAATT	{2839}
3.209422044777587	12239	12473	234	12239	1	1.0	CCGTTTAATCCTCCATCAGATCATAATGTG	12443	1	1.0	GCAATAACTACAAAAGTGCCAAGGAGTATG	2	1.0	ACCATGATTTCAATTGCTACTATATTGT TGCTACTATATTATTGTCATCCGCAGAA	{12353} {12367}
3.2120224201679632	394	485	91	394	1	1.0	CAGGCCACATCAATGCAGAATCATCTTATG	455	2	1.0	GAATCATTGAAGTTGATGCAATAGACCCAC GGATCATTGAAGTTGATGCAATAGATCCGC	1	1.0	ATTGCTGCCAGAGCCCCAGATGCTGCTC	{424}
3.2221999999999995	3802	3894	92	3802	1	1.0	GCCAGACAGAATTCATGAGAGCAGGACAGA	3864	2	1.0	ATGTTACCCTTTGGGCCTGGTCCAAACATT ATGTTACCCTTTGGGCCTGGTCCTAACATA	1	1.0	CAGAGAGCAAAAACACTCTAACTGCTTG	{3835}
3.3015480554261383	2935	3159	224	2935	1	1.0	AATGAAAATAATGGATCCTGGAGTCCCATC	3129	1	1.0	GAGCAGGTGTTCGTATAGATGCACTTAAAA	3	1.0	GTTTGTTGATCAAGACAATACAATTACA TCTCAGGAGTTTAAATAAAGAATCAGAA TTAGAAGCTTAAACAAAGAGCCAGAGCA	{3043} {2974} {2976}
3.3431643733214482	2663	2756	93	2663	2	1.0	GAAGAACCACAATATCCGAGTGGTGCAATC GAAGAACTACAATATCAGAGTGGTGCAATC	2726	1	1.0	TCGAAAAATGTACATGTGGAAGATGTCCCA	2	1.0	CATGTTGCGCACCAGTCAAACCAACCGC TGCGCACCAGTCAAATCAACTGCCTCTG	{2693} {2698}
3.434222420167963	3802	3924	122	3802	1	1.0	GCCAGACAGAATTCATGAGAGCAGGACAGA	3894	2	1.0	GGGTCCCCCCAAAAGATGCTAGAATACGCA GGGTCCCCCCAAAAGATGTTAGAATATGCT	1	1.0	CAGAGAGCAAAAACACTCTAACTGCTTG	{3835}
3.5119000822449524	12967	13106	139	12967	2	1.0	CATAGGTGACCCACTAGTGTCTGCATTTGC TATAGGTGATCCATTAGTGTCTGCATTTGC	13076	1	1.0	GGAAATTGGAGTACGCTAGCAGCAGATCCT	1	1.0	AAAAGACTAATAATGGCTAGATGTATTG	{13004}
3.5277337616452864	13775	13918	143	13775	2	1.0	GATGAACGAAGAATTGCATCACTAGCACAA GATGAACGAAGAATTGCATCATTGGCCCAA	13888	1	1.0	TTGGCAAGATGCATACGAACTTTCTAAGAC	1	1.0	CAGGTGCTTCTCAAAATCTAAAATCAGT	{13809}
3.5348110903442125	2439	2559	120	2439	1	1.0	GACCTATCAAGGACTCATTCTTGATGCAAA	2529	2	1.0	AAATGACACCAGGATATTTAAGAGGGGGGA AGATGATACCAGGATATTTAAGAGGGGGGA	2	1.0	GAGAGCACTAAATGAGCCAAGAAGGGAT GAGAGCGCTAAATGAACCAAGGAGGAAT	{2472} {2472}
3.5607354666358684	587	739	152	587	2	1.0	GGACAGTATTTGTATCCAGAGATGCAGAAC GGACAGTATTTGTATCTAGAGAAGCAGAAC	709	1	1.0	TATGATCAACCCACTGGATCTGAAGAGAGA	1	1.0	GATACATATCTGAATAGGATATTCAGTG	{637}
3.570185018119717	4586	4713	127	4586	2	1.0	ACAAGGCTCTGATTACAGTGCTCTGGTGGA ACAAGGCTCTGATTATAGCGCCCTGGTAGA	4683	1	1.0	TGGAACCCATTCAAGAAGGCAATATCCATG	2	1.0	GATGTAATATATCGGAAAATCAGAATTG TCCGGATGTAATCTATCGGAAAATCAGA	{4623} {4619}
3.5796141342961088	2626	2755	129	2626	2	1.0	AGACATCGAAGAGAGTACTCGATTTCATGG AGACATCGAAGGGAATACTCGATCTCATGG	2725	1	1.0	GTCGAAAAATGTACATGTGGAAGATGTCCC	2	1.0	ACGGAAGAACTACAATATCAGAGTGGTG CCATGTTGCGCACCAGTCAAACCAACCG	{2660} {2692}
3.587464845367944	3802	3962	160	3802	1	1.0	GCCAGACAGAATTCATGAGAGCAGGACAGA	3932	2	1.0	TAAAATCCATGTGAGAAAGACAGCAGGTTG TAAGATCAATGTAAGAAAGACAGCAGGCTG	1	1.0	CAGAGAGCAAAAACACTCTAACTGCTTG	{3835}
3.615090556965433	15946	16115	169	15946	2	1.0	GACAAGCTGGGTACCCTTTGCTAGATTTTC GACAAGTTGGGTACCCTTTACTAGATTTTC	16085	1	1.0	GATGGCTGGTTTTCTGACTTAAGAACTGCT	1	1.0	CATTAATTTCTATATGCTGGACTTTTTC	{15978}
3.618018128345179	429	544	115	429	2	1.0	TGCCAGAGCCCCAGATGCAGCTCTTAGAAT TGCCAGAGCCCCAGATGCTGCTCTTAGGAT	514	1	1.0	TCTGGCTGGGATGACATCAAGATCAGAGCT	3	1.0	GTTGATGCGATAGACCCACAAGATTATA TGAAGTTGATGCAATAGATCCGCAGGAT TTGAAGTTGATGCAATAGACCCACAAGA	{466} {462} {461}
