cost	target-start	target-end	target-length	left-primer-start	left-primer-num-primers	left-primer-frac-bound	left-primer-target-sequences	right-primer-start	right-primer-num-primers	right-primer-frac-bound	right-primer-target-sequences	num-guides	total-frac-bound-by-guides	guide-target-sequences	guide-target-sequence-positions
2.8452000822449524	405	544	139	405	1	1.0	AATGCAGAATCATCTTATGATTGCTGCCAG	514	1	1.0	TCTGGCTGGGATGACATCAAGATCAGAGCT	1	1.0	TTAGGATCATTGAAGTTGATGCAATAGA	{452}
2.8452000822449524	13891	14030	139	13891	1	1.0	GCAAGATGCATACGAACTTTCTAAGACACG	14000	1	1.0	GGAGTAACTCAGATGAAATTTACACCTGCA	1	1.0	GTGAATATAACTTTAGATCAGCTCAGAG	{13922}
3.0793480554261383	200	424	224	200	1	1.0	CTGAAGATCGGAGTTTTGGTGATCAACAAT	394	1	1.0	CAGGCCACATCAATGCAGAATCATCTTATG	1	1.0	TGTGCAATCTGATACTTTAAAGGCAGAA	{231}
3.0793480554261383	2935	3159	224	2935	1	1.0	AATGAAAATAATGGATCCTGGAGTCCCATC	3129	1	1.0	GAGCAGGTGTTCGTATAGATGCACTTAAAA	1	1.0	AGATGTCTCAAAATTTGTTGATCAAGAC	{3031}
3.0832337616452867	2737	2963	226	2737	1	1.0	ACATGTGGAAGATGTCCCAAAATTTGCGAA	2933	1	1.0	ACAATGAAAATAATGGATCCTGGAGTCCCA	1	1.0	TTGTGCATCAGAGATCCTTGATGCAATC	{2767}
3.1793942636811994	2668	2756	88	2668	2	1.0	ACCACAATATCCGAGTGGTGCAATCCATGC ACTACAATATCAGAGTGGTGCAATCCATGT	2726	1	1.0	TCGAAAAATGTACATGTGGAAGATGTCCCA	1	1.0	TGCGCACCAGTCAAATCAACTGCCTCTG	{2698}
3.3126110903442125	11143	11233	90	11143	1	1.0	ATGCATTATGAGAATGTGGGGTCATCCCAC	11203	2	1.0	ACGTGAATCTATGTGTGCACCAAAGCTACT TCGTGAATCTATGTGTGCACCAAAGCTATT	2	1.0	TCACAGCTGCAGGCGCAGCAGGGAAAGT TTAACAGCTGCAGGTGCAGCGGGGAAAG	{11175} {11174}
3.3126110903442125	15615	15705	90	15615	2	1.0	TAAACCCACCTCAGAGGAATTTTGAACCTC TAAACCCTCCTCAGAGGAACTTTGAACCTC	15675	1	1.0	ACAAACAGATTCAGGCAGAAATAGAGTGTC	2	1.0	CCCCACACAATTTATTGAGAGTGTGCCG CCCTACGCAATTTATTGAGAGTGTGCCG	{15646} {15646}
3.3431643733214482	3802	3895	93	3802	1	1.0	GCCAGACAGAATTCATGAGAGCAGGACAGA	3865	2	1.0	TGTTACCCTTTGGGCCTGGTCCAAACATTG TGTTACCCTTTGGGCCTGGTCCTAACATAG	2	1.0	AGAGAGCAAAAACACTCTAACTGCTTGT TGGAAAGCAAAAACACTCTGACTGCTTG	{3836} {3835}
3.352734243325825	14000	14094	94	14000	1	1.0	GGAGTAACTCAGATGAAATTTACACCTGCA	14064	2	1.0	CTAATGATCGCCAAGTGCTACAAATTGATG CTAATGATCGTCAGGTGCTACAAATTGATG	2	1.0	AGTTTATACACTTTCTCAAATTACATTC TATATACTTTTTCAAATTATATTCATAT	{14030} {14034}
3.3652648453679435	4604	4714	110	4604	2	1.0	CGCCCTGGTAGATCATCCTGATGTAATCTA TGCTCTGGTGGATCATCCCGATGTAATATA	4684	1	1.0	GGAACCCATTCAAGAAGGCAATATCCATGC	1	1.0	TCGGAAAATTAGAATTGATCCAGCAAAA	{4634}
3.3798405378427523	13863	13960	97	13863	2	1.0	GGGCTTTTGGTGACAACGAACAGAATTGGC GGGCTTTTGGTGATAATGAACAAAATTGGC	13930	1	1.0	AACTTTAGATCAGCTCAGAGTACTAACTCC	2	1.0	AAGATGCATACGAACTGTCTAAGACACG TGCATACGAACTTTCTAAGACACGCGTG	{13893} {13897}
3.4048324226839717	445	545	100	445	2	1.0	GCAGCTCTTAGAATCATTGAAGTTGATGCA GCTGCTCTTAGGATCATTGAAGTTGATGCA	515	1	1.0	CTGGCTGGGATGACATCAAGATCAGAGCTT	2	1.0	ATCCGCAGGATTATACGTTAACCATTAA GATTATACATTAACTATTAACCCAAGAT	{479} {487}
3.4237110903442125	13019	13109	90	13019	2	1.0	GCTAAATGTATTGAGCCTTGGGTATTGACA GCTAGATGTATTGAACCTTGGGTCTTAACA	13079	1	1.0	AATTGGAGTACGCTAGCAGCAGATCCTTAT	3	1.0	ATATCATGAGACGTCCTCCAGGAGACGG ATATCATGAGACGTCCTCCGGGAGATGG TATCATGAGACGACCACCTGGAGATGGG	{13050} {13050} {13051}
3.439351599001681	3802	3925	123	3802	1	1.0	GCCAGACAGAATTCATGAGAGCAGGACAGA	3895	2	1.0	GGTCCCCCCAAAAGATGCTAGAATACGCAG GGTCCCCCCAAAAGATGTTAGAATATGCTG	1	1.0	CTGCTTGTATGTTACCCTTTGGGCCTGG	{3856}
3.4565296428427708	13084	13191	107	13084	1	1.0	GAGTACGCTAGCAGCAGATCCTTATGCAGT	13161	2	1.0	CCCAGCAAACACTGATGGAATCAAGTGTGA CCCAGCAGACATTGATGGAATCAAGTGTGA	2	1.0	CCACCAACTATATTTCTTAAGCGACATG CCGCCGACTATATTCCTTAAACGGCATG	{13133} {13133}
3.4685141342961088	2626	2755	129	2626	2	1.0	AGACATCGAAGAGAGTACTCGATTTCATGG AGACATCGAAGGGAATACTCGATCTCATGG	2725	1	1.0	GTCGAAAAATGTACATGTGGAAGATGTCCC	1	1.0	CTACAATATCAGAGTGGTGCAATCCATG	{2669}
3.47767380995394	2428	2559	131	2428	1	1.0	AGTCCATCAAAGACCTATCAAGGACTCATT	2529	2	1.0	AAATGACACCAGGATATTTAAGAGGGGGGA AGATGATACCAGGATATTTAAGAGGGGGGA	1	1.0	CTTGATGCAAAGAAGAGAGCGCTAAATG	{2458}
3.4994894934871645	11800	11936	136	11800	1	1.0	GCTTGCTAATCATGCAGGGAAATTATTCAG	11906	2	1.0	AACAAAGAGCGTAAGGCTACAAAGGACTCT AATAAGGAGCGTAAAGCTACAAAGGACTCT	1	1.0	GAATGGTGTAGTTCTTGATCAGCTTAAG	{11833}
3.5239433771173463	11051	11169	118	11051	2	1.0	GATGTGTTCTCAGTTGAAGAGAGTGCCCAA GATGTTTTCTCAGTTGATGAGAGTGCTCAA	11139	1	1.0	TGTTATGCATTATGAGAATGTGGGGTCATC	2	1.0	TATGTTCTATATTGTCATCTTTTTTCAG TCATCTTTTCTTAGTGGTCTGTCTCCTG	{11082} {11096}
