cost	target-start	target-end	target-length	left-primer-start	left-primer-num-primers	left-primer-frac-bound	left-primer-target-sequences	right-primer-start	right-primer-num-primers	right-primer-frac-bound	right-primer-target-sequences	num-guides	total-frac-bound-by-guides	guide-target-sequences	guide-target-sequence-positions
2.5126942636811997	2528	2616	88	2528	1	1.0	GAAAGAGCAAGAGGCAACCATAGGAGAGAA	2586	1	1.0	TCAAAGTCTTCGAGTGGTGTAATCCCAGGT	1	1.0	TGGAGTATTGCATGGGTCGGAGATCAGG	{2558}
2.5126942636811997	3497	3585	88	3497	1	1.0	AAACACAGCAGCAGACATGCCCATAATATC	3555	1	1.0	CAATCCCTTACTCCGTTTCCAATACAACTT	1	1.0	ATTACCAGCAGATCCAACTTCACCCAGT	{3527}
2.5126942636811997	6056	6144	88	6056	1	1.0	AAGAGATGCTCTGAGATGATGCTTGACACT	6114	1	1.0	ATGCTACATACGTGACAGACTTCTCAATGA	1	1.0	TTCTCATTTAGGATCACATCTACTTTCA	{6086}
2.5126942636811997	9071	9159	88	9071	1	1.0	TGGCGTAGTCATGCAGCTGTCCTTATATGG	9129	1	1.0	TCCTACCTCATTCTAAGCTTCAACCAATAG	1	1.0	CCTTCTTGTATACCATTTCTTGTTAAAT	{9101}
2.5126942636811997	12672	12760	88	12672	1	1.0	GAGCAACTTCAGACTCTTACACCTCTTCCT	12730	1	1.0	ATGATGGAGCCACAACACTTAAATTCACTC	1	1.0	ACATCTGCAAATATTACACACCGTTTAG	{12702}
2.5126942636811997	14068	14156	88	14068	1	1.0	TTCCACATCCAGAATCTCTCGAGAAATATC	14126	1	1.0	TGCAATTTCAACACTAATTCCAGGCCCTCC	1	1.0	CTCTTCCAGTTGATCATGACTCTCAATC	{14098}
2.5126942636811997	14977	15065	88	14977	1	1.0	AGATACTTGATGGTTTAGCCACCAACTTCT	15035	1	1.0	ATGTGGAGGAACTCCCAGCTCCAGAAAATG	1	1.0	TCGCAGGAGATAATGGGCTTATTCTAAG	{15007}
2.534811090344213	4321	4411	90	4321	1	1.0	CAGATCTTTGGGGACCAACAATCATAATCA	4381	1	1.0	TTCCTTTTTTCAGCAAAGATGGGATTGCCT	1	1.0	TCATTGGGTCACATCCCCAAGACTGCAC	{4353}
2.5555	2431	2523	92	2431	1	1.0	GAAGCAAACACTACTCACAAGGTTCACCTC	2493	1	1.0	AAGACCCCAACTTTAAGAGGGGGGGAGCTA	1	1.0	GAGCCAGTCTCCTCAGCTGGATCCGCCC	{2465}
2.5555	4381	4473	92	4381	1	1.0	TTCCTTTTTTCAGCAAAGATGGGATTGCCT	4443	1	1.0	ACAAAATCACTGTGGTCAGTTGGATGTGAG	1	1.0	GTCATCCATTACAAGATGTTTCCCCCAC	{4411}
2.5555	14767	14859	92	14767	1	1.0	TACGTAGTAGTTATTCTGATCCTCACAGTC	14829	1	1.0	GATTTTAGAACTATCGGTTTCAGTGCAGCT	1	1.0	ATGAGGTTTATCTTGTATGTAGACTTGC	{14797}
2.5555	14863	14955	92	14863	1	1.0	TAACTGCTACTACTCTTCACAATGACGGAT	14925	1	1.0	TATTGGCAACACCATCTTGAAAATGTTGGG	1	1.0	TCACAACAATACATCCCGATGTTGTTTG	{14893}
2.565364373321448	465	558	93	465	1	1.0	TTCACCAGAAGCCAGCATAGATAGAGTAGA	528	1	1.0	TATTCCAGATGCTCGATCAACTATGTCCAG	1	1.0	CAGGGTTTGAGAATAATTCATTCCGAGT	{500}
2.565364373321448	1126	1219	93	1126	1	1.0	GCTCTATTAGAATCACCAAAGCTGATGGAT	1189	1	1.0	TATGCAATGGGTATTGGAACTGTCCTTGAT	1	1.0	TCCCATCTGAATATCCATTAGTCTATAG	{1160}
2.565364373321448	9394	9487	93	9394	1	1.0	GCGACAACTTATAATGCATCAAAGTTCTCG	9457	1	1.0	ACGATCTGGTCTAATAGTTATCACCCCTGA	1	1.0	CGACTGATTTAGTTCACATTGTTGACAC	{9429}
2.5749342433258255	2596	2690	94	2596	1	1.0	CGAGTGGTGTAATCCCAGGTGTGCCCCAGT	2660	1	1.0	GGATCCTGCCCCAGCATCTGCGGAGAATGT	1	1.0	CACGGCCTCAGCTCGCAAGTTCACCTGC	{2626}
2.5749342433258255	13491	13585	94	13491	1	1.0	CTTGATATTATCACTCCTATACATGCACCG	13555	1	1.0	TTGATGCAATTCAGTGGGGAGTTAAACAAG	1	1.0	AGCTTCATTAGATTATGTCAAATTAAGT	{13526}
2.5842266863651715	9259	9354	95	9259	1	1.0	TCTATTCTCTCGATCCAGAGGAACTGCAGG	9324	1	1.0	TCCAATCTATTTGGGAATCAAACAAGTGGC	1	1.0	GGTAAAAACAGTAAAATCACCCTCAATG	{9293}
2.5932573353204815	8917	9013	96	8917	1	1.0	GCACTTCCCGCATGATCTTGACATTTCTGA	8983	1	1.0	TGCCAGAGAAGAATCCAATCTTGCTGAACG	1	1.0	CTCTTCACAATAATGATTGGGATCAAAT	{8955}
2.6020405378427527	8986	9083	97	8986	1	1.0	CAGAGAAGAATCCAATCTTGCTGAACGACT	9053	1	1.0	GCATTTAGAGCAACTAGATGGCGTAGTCAT	1	1.0	TGGAGTAGCTAAATCTGAATTAATTAAA	{9016}
