cost	target-start	target-end	target-length	left-primer-start	left-primer-num-primers	left-primer-frac-bound	left-primer-target-sequences	right-primer-start	right-primer-num-primers	right-primer-frac-bound	right-primer-target-sequences	num-guides	total-frac-bound-by-guides	guide-target-sequences	guide-target-sequence-positions
2.5126942636811997	4320	4408	88	4320	1	1.0	GCAGATCTTTGGGGACCAACAATCATAATC	4378	1	1.0	CACTTCCTTTTTTCAGCAAAGATGGGATTG	1	1.0	AAATCATTGGGTCACATCCCCAAGACTG	{4350}
2.5126942636811997	9071	9159	88	9071	1	1.0	TGGCGTAGTCATGCAGCTGTCCTTATATGG	9129	1	1.0	TCCTACCTCATTCTAAGCTTCAACCAATAG	1	1.0	CCTTCTTGTATACCATTTCTTGTTAAAT	{9101}
2.565364373321448	465	558	93	465	1	1.0	TTCACCAGAAGCCAGCATAGATAGAGTAGA	528	1	1.0	TATTCCAGATGCTCGATCAACTATGTCCAG	1	1.0	CAGGGTTTGAGAATAATTCATTCCGAGT	{500}
2.565364373321448	1126	1219	93	1126	1	1.0	GCTCTATTAGAATCACCAAAGCTGATGGAT	1189	1	1.0	TATGCAATGGGTATTGGAACTGTCCTTGAT	1	1.0	TCCCATCTGAATATCCATTAGTCTATAG	{1160}
2.5749342433258255	2600	2694	94	2600	1	1.0	TGGTGTAATCCCAGGTGTGCCCCAGTCACG	2664	1	1.0	CCTGCCCCAGCATCTGCGGAGAATGTGAAG	1	1.0	GCTCGCAAGTTCACCTGCACATGCGGAT	{2636}
2.5749342433258255	13491	13585	94	13491	1	1.0	CTTGATATTATCACTCCTATACATGCACCG	13555	1	1.0	TTGATGCAATTCAGTGGGGAGTTAAACAAG	1	1.0	GCTTCATTAGATTATGTCAAATTAAGTA	{13527}
2.5932573353204815	9258	9354	96	9258	1	1.0	ATCTATTCTCTCGATCCAGAGGAACTGCAG	9324	1	1.0	TCCAATCTATTTGGGAATCAAACAAGTGGC	1	1.0	GTGCAGGTAAAAACAGTAAAATCACCCT	{9288}
2.5932573353204815	14786	14882	96	14786	1	1.0	TCCTCACAGTCATGAGGTTTATCTTGTATG	14852	1	1.0	TGCAGCTCTAGTAACTGCTACTACTCTTCA	1	1.0	CCGCAGATTTTAGAACTATCGGTTTCAG	{14824}
2.6105894934871645	10780	10878	98	10780	1	1.0	CCTCACAGATCCTGATGATACATTTGAACT	10848	1	1.0	GTCTTCAATGGAGATATCAGACCATAATCC	1	1.0	AGTGCATGTTTTATAACTACTGATCTTG	{10811}
2.6189163730311917	9325	9424	99	9325	1	1.0	CCAATCTATTTGGGAATCAAACAAGTGGCA	9394	1	1.0	GCGACAACTTATAATGCATCAAAGTTCTCG	1	1.0	CTAATGTATCTTTATGGCTTACGATTAA	{9357}
2.6189163730311917	12683	12782	99	12683	1	1.0	GACTCTTACACCTCTTCCTACATCTGCAAA	12752	1	1.0	ATTCACTCCAGCTAGTTCCTATGCATTTTC	1	1.0	CACCGTTTAGATGATGGAGCCACAACAC	{12720}
2.6237942636811997	6053	6141	88	6053	1	1.0	ATTAAGAGATGCTCTGAGATGATGCTTGAC	6111	1	1.0	TCAATGCTACATACGTGACAGACTTCTCAA	2	1.0	ACTTTCTCATTTAGGATCACATCTACTT ACTTTTTCATTTAGGATCACATCTACAT	{6083} {6083}
2.6237942636811997	8013	8101	88	8013	1	1.0	CTCAAGTCATGATGGGTGCAGAAGGTAGGC	8071	1	1.0	TTATCAACGTAGTTCCTCTTGGTGGTCTGC	2	1.0	TCTATATTATTGATAATAAGTTGTATTA TCTATGTTATTGACAACAATTTGTATTA	{8043} {8043}
2.6270324226839716	8986	9086	100	8986	1	1.0	CAGAGAAGAATCCAATCTTGCTGAACGACT	9056	1	1.0	TTTAGAGCAACTAGATGGCGTAGTCATGCA	1	1.0	AATCTGAATTAATTAAACGTGTGCCTGC	{9027}
2.6564224201679636	9394	9485	91	9394	1	1.0	GCGACAACTTATAATGCATCAAAGTTCTCG	9455	1	1.0	ACACGATCTGGTCTAATAGTTATCACCCCT	2	1.0	ACCAACTGATTTAGTTCATATTGTTGAC GCCGACTGATTTAGTTCACATTGTTGAC	{9427} {9427}
2.6647897580044537	4256	4361	105	4256	1	1.0	GCAACAAGGCAGAGAATCATATTTCATAGC	4331	1	1.0	GGGACCAACAATCATAATCAAATCATTGGG	1	1.0	GCATGAGCATGCAGCTGCAGGTGTCCAT	{4291}
2.6666	2427	2519	92	2427	1	1.0	TAGGGAAGCAAACACTACTCACAAGGTTCA	2489	1	1.0	GCCCAAGACCCCAACTTTAAGAGGGGGGGA	2	1.0	CCTCTAACGAGCCAGTCTCCTCAGCTGG CGAATGAGCCAATCTCCTCAGCTGGATC	{2457} {2460}
2.6985648453679434	14867	14977	110	14867	1	1.0	TGCTACTACTCTTCACAATGACGGATTCAC	14947	1	1.0	ATGTTGGGAGAGTCGGAAAAGTAATTGATG	1	1.0	TGTTGTTTGTAGTTATTGGCAACACCAT	{14912}
2.704912910986066	14952	15063	111	14952	1	1.0	GGGAGAGTCGGAAAAGTAATTGATGAGATA	15033	1	1.0	AGATGTGGAGGAACTCCCAGCTCCAGAAAA	1	1.0	CTTGATGGTTTAGCCACCAACTTCTTTG	{14982}
2.7131405378427527	4376	4473	97	4376	1	1.0	TGCACTTCCTTTTTTCAGCAAAGATGGGAT	4443	1	1.0	ACAAAATCACTGTGGTCAGTTGGATGTGAG	2	1.0	GTCATCCATTACAAGATGTTTCCCCCAC TGCCTGTCATCCACTACAAGATGTTTCC	{4411} {4406}
