cost	target-start	target-end	target-length	left-primer-start	left-primer-num-primers	left-primer-frac-bound	left-primer-target-sequences	right-primer-start	right-primer-num-primers	right-primer-frac-bound	right-primer-target-sequences	num-guides	total-frac-bound-by-guides	guide-target-sequences	guide-target-sequence-positions
2.6349480554261384	3289	3390	101	3289	1	0.9922077922077922	ATGCGACAATCTGCAGATGTTCCAAGCGAG	3360	1	0.9974025974025974	AAACAGTGATCATGGAAGAAGCTTGGAATC	1	0.9948051948051948	ATGGCATATTTACAACAGAACAAAGTAG	{3332}
2.7348942636811997	13214	13302	88	13214	1	0.9974025974025974	CTGGGGTAGTAATAACAGGATCAGAACATT	13272	1	0.9948051948051948	AAACCCATATACTTGGATGTATTTACCGGG	3	1.0	GTAAAATATGTTATGCTTCAGATGGTAC GTAAAATATGTTATTCTTCAGATGGAAC GTAAAATCTGTTATTCTTCAGATGGTAC	{13244} {13244} {13244}
2.7686857056612073	13272	13376	104	13272	1	0.9948051948051948	AAACCCATATACTTGGATGTATTTACCGGG	13346	1	0.9948051948051948	GAGTTCCTTATTTTGGATCAGTCACTGATG	2	1.0	AAAATAGGATCAGCAGAAACGGGTATAT TATTAAAATAGGTTCAGCAGAAACAGGT	{13309} {13305}
2.7777	601	725	124	601	1	0.9922077922077922	GACAACTGATTGGATATTTGGAAGTGACCT	695	1	0.9922077922077922	CACACGTTTGGGTATCCATCATGTTTAGGA	1	0.9974025974025974	AAGCTATGTTGCAGAACGGCAGAAACAA	{645}
2.7829354666358683	3184	3290	106	3184	1	0.9922077922077922	GGAATCTCCAGAAGCATCACAGATTCTAAA	3260	1	0.9922077922077922	AGATGGATAAGGACTCTATTGAGGGGAAAA	2	0.9948051948051948	ATGGAACCCAAAACACGGAGAATCTTGA GATGGAACCCAAAACACGAAGGATATTG	{3215} {3214}
2.8285435130281846	698	833	135	698	1	0.9922077922077922	ACGTTTGGGTATCCATCATGTTTAGGAGCT	803	1	0.9948051948051948	CGATTGGAAGCTTTCAGACAAGATGGAACA	1	1.0	TTTTGGTCAAAGCTATCACTAGCATCTC	{750}
2.920764845367944	13216	13376	160	13216	1	0.9948051948051948	GGGGTAGTAATAACAGGATCAGAACATTGT	13346	1	0.9948051948051948	GAGTTCCTTATTTTGGATCAGTCACTGATG	1	1.0	ATCTGTTATTCTTCAGATGGTACAAACC	{13249}
2.939443925003943	601	767	166	601	1	0.9922077922077922	GACAACTGATTGGATATTTGGAAGTGACCT	737	1	1.0	CAGATCTGGATAGTTTTGGTCAAAGCTATC	1	0.9974025974025974	AAGCTATGTTGCAGAACGGCAGAAACAA	{645}
2.9999	3194	3382	188	3194	1	0.9948051948051948	GAAGCATCACAGATTCTAAAAATGGAACCC	3352	1	0.9974025974025974	CAAAGTAGAAACAGTGATCATGGAAGAAGC	1	0.9948051948051948	ATTGAGGGGAAAATGCGACAATCTGCAG	{3277}
3.0565360029807227	13272	13440	168	13272	1	0.9948051948051948	AAACCCATATACTTGGATGTATTTACCGGG	13410	1	1.0	TCTTAGTAAACCTGCAAAAGCCGCAATAAG	2	1.0	AAAATAGGATCAGCAGAAACGGGTATAT TATTAAAATAGGTTCAGCAGAAACAGGT	{13309} {13305}
3.0624181283451795	11209	11379	170	11209	1	0.9922077922077922	CATCCAACGAATCACGAAGATTAGTTGAAG	11349	1	0.9922077922077922	GAGATCAAACAAGAAGGTAGACTCTTTGCA	2	0.9948051948051948	TGTAGAATCTGGGGACTGGTTGGGTGAT TTGGATTATGTAGAATCTGGGGGTTGGT	{11285} {11277}
3.0674000822449523	3899	4038	139	3899	1	0.9948051948051948	GGCAATTACTCTATTGCAGAATCTTGGTGT	4008	1	0.9922077922077922	ACTGCATCAAAGATAGACTTCCTGGCAGGA	3	0.9974025974025974	AAATTAGATTTATACCAAGATAAGCGGG AGTTAGATTTATACCAAGACAAGCGGGT TCAATCCACATCAAAACTAGATTTATAT	{3945} {3946} {3932}
3.0793480554261383	13152	13376	224	13152	1	0.9974025974025974	TCATTTATCAGGAGGAAGGATGATAAGTGG	13346	1	0.9948051948051948	GAGTTCCTTATTTTGGATCAGTCACTGATG	1	1.0	ATCTGTTATTCTTCAGATGGTACAAACC	{13249}
3.0793480554261383	13216	13440	224	13216	1	0.9948051948051948	GGGGTAGTAATAACAGGATCAGAACATTGT	13410	1	1.0	TCTTAGTAAACCTGCAAAAGCCGCAATAAG	1	1.0	ATCTGTTATTCTTCAGATGGTACAAACC	{13249}
3.0851590937877345	403	630	227	403	1	0.9922077922077922	TAATGAGAAACAACATGCACAAAGAGCAGG	600	1	0.9922077922077922	AGACAACTGATTGGATATTTGGAAGTGACC	1	0.9922077922077922	TGTCATATACATGATTGAGAAGGATCTA	{517}
3.0946160284948063	601	833	232	601	1	0.9922077922077922	GACAACTGATTGGATATTTGGAAGTGACCT	803	1	0.9948051948051948	CGATTGGAAGCTTTCAGACAAGATGGAACA	1	0.9974025974025974	AAGCTATGTTGCAGAACGGCAGAAACAA	{645}
3.121419948987033	12879	13126	247	12879	1	0.9948051948051948	TCTCCCTAGAGTTGCACATGATATTCTAGA	13096	1	0.9948051948051948	TATGAAGATATGTGTTCAGTAGACCTTGCC	1	0.9974025974025974	GACATATAGTTTATTGAGGAAAATCAGT	{12999}
3.1764647304037195	13272	13489	217	13272	1	0.9948051948051948	AAACCCATATACTTGGATGTATTTACCGGG	13459	1	1.0	TGGGCATTTGGTAATGATGAGATATCTTGG	2	1.0	AAAATAGGATCAGCAGAAACGGGTATAT TATTAAAATAGGTTCAGCAGAAACAGGT	{13309} {13305}
3.1845297303170677	11209	11430	221	11209	1	0.9922077922077922	CATCCAACGAATCACGAAGATTAGTTGAAG	11400	1	0.9948051948051948	GCTACACAGGTTTTATCAGAGACACTACTT	2	0.9948051948051948	TGTAGAATCTGGGGACTGGTTGGGTGAT TTGGATTATGTAGAATCTGGGGGTTGGT	{11285} {11277}
3.214901953228442	3050	3287	237	3050	1	0.9948051948051948	AAAATAGACAGTCTGGGTCATCACACGAAT	3257	1	0.9922077922077922	GAAAGATGGATAAGGACTCTATTGAGGGGA	2	0.9948051948051948	ATGGAACCCAAAACACGGAGAATCTTGA GATGGAACCCAAAACACGAAGGATATTG	{3215} {3214}
