cost	target-start	target-end	target-length	left-primer-start	left-primer-num-primers	left-primer-frac-bound	left-primer-target-sequences	right-primer-start	right-primer-num-primers	right-primer-frac-bound	right-primer-target-sequences	num-guides	total-frac-bound-by-guides	guide-target-sequences	guide-target-sequence-positions
2.9643146706409635	3897	4038	141	3897	1	0.9948051948051948	AGGGCAATTACTCTATTGCAGAATCTTGGT	4008	1	0.9922077922077922	ACTGCATCAAAGATAGACTTCCTGGCAGGA	2	0.9922077922077922	GTAATTCAATCCACATCAAAATTGGATT TCAATCCACATCAAAACTAGATTTATAT	{3927} {3932}
2.9908857056612073	3184	3288	104	3184	1	0.9922077922077922	GGAATCTCCAGAAGCATCACAGATTCTAAA	3258	1	0.9922077922077922	AAAGATGGATAAGGACTCTATTGAGGGGAA	4	0.9948051948051948	AATGGAACCCAAAACACGGAGAATCTTG AATGGAATCCAAAACACGAAGAATATTG ATGGAACCCAGAACACGGAGAATATTGA GAACCCAAAACACGGAGAATATTGATCT	{3214} {3214} {3215} {3218}
2.9999	3194	3382	188	3194	1	0.9948051948051948	GAAGCATCACAGATTCTAAAAATGGAACCC	3352	1	0.9974025974025974	CAAAGTAGAAACAGTGATCATGGAAGAAGC	1	0.9896103896103896	ATTGAGGGGAAAATGCGACAATCTGCAG	{3277}
3.0318648453679438	13216	13376	160	13216	1	0.9948051948051948	GGGGTAGTAATAACAGGATCAGAACATTGT	13346	1	0.9948051948051948	GAGTTCCTTATTTTGGATCAGTCACTGATG	2	1.0	CCGGGAAATATTAAAATAGGATCAGCAG TTCAGATGGGACAAACCCATATACTTGG	{13297} {13260}
3.0565360029807227	13272	13440	168	13272	1	0.9948051948051948	AAACCCATATACTTGGATGTATTTACCGGG	13410	1	1.0	TCTTAGTAAACCTGCAAAAGCCGCAATAAG	2	0.9974025974025974	AAAATAGGTTCAGCAGAAACAGGTATAT AGGTATATCGTCATTAAGAGTTCCTTAT	{13309} {13329}
3.0793480554261383	3289	3390	101	3289	1	0.9922077922077922	ATGCGACAATCTGCAGATGTTCCAAGCGAG	3360	1	0.9974025974025974	AAACAGTGATCATGGAAGAAGCTTGGAATC	5	0.987012987012987	AAGTAATGTTATATCTACAACAGAACAA AGGAAGTGATGACATATTTAAAACAAAA ATGGCATATTTACAACAGAACAAAGTAG CAGGAAGTGATGACATACTTACAACAGA GTGATGACATATTTACAACAAAACAAAG	{3327} {3324} {3332} {3323} {3329}
3.0851590937877345	403	630	227	403	1	0.9922077922077922	TAATGAGAAACAACATGCACAAAGAGCAGG	600	1	0.9922077922077922	AGACAACTGATTGGATATTTGGAAGTGACC	1	0.9922077922077922	CATGATTGAGAAAGATCTAAAACGGCAA	{526}
3.121419948987033	12879	13126	247	12879	1	0.9948051948051948	TCTCCCTAGAGTTGCACATGATATTCTAGA	13096	1	0.9948051948051948	TATGAAGATATGTGTTCAGTAGACCTTGCC	1	0.9974025974025974	ATATAGTTTATTGAGGAAAATCAGTAAT	{13002}
3.1575405378427526	3184	3318	134	3184	1	0.9922077922077922	GGAATCTCCAGAAGCATCACAGATTCTAAA	3288	1	0.9922077922077922	AATGCGACAATCTGCAGATGTTCCAAGCGA	4	0.9948051948051948	AATGGAACCCAAAACACGGAGAATCTTG AATGGAATCCAAAACACGAAGAATATTG ATGGAACCCAGAACACGGAGAATATTGA GAACCCAAAACACGGAGAATATTGATCT	{3214} {3214} {3215} {3218}
3.1764647304037195	13272	13489	217	13272	1	0.9948051948051948	AAACCCATATACTTGGATGTATTTACCGGG	13459	1	1.0	TGGGCATTTGGTAATGATGAGATATCTTGG	2	0.9974025974025974	AAAATAGGTTCAGCAGAAACAGGTATAT AGGTATATCGTCATTAAGAGTTCCTTAT	{13309} {13329}
3.1904480554261383	13152	13376	224	13152	1	0.9974025974025974	TCATTTATCAGGAGGAAGGATGATAAGTGG	13346	1	0.9948051948051948	GAGTTCCTTATTTTGGATCAGTCACTGATG	2	1.0	CCGGGAAATATTAAAATAGGATCAGCAG TTCAGATGGGACAAACCCATATACTTGG	{13297} {13260}
3.1904480554261383	13216	13440	224	13216	1	0.9948051948051948	GGGGTAGTAATAACAGGATCAGAACATTGT	13410	1	1.0	TCTTAGTAAACCTGCAAAAGCCGCAATAAG	2	1.0	CCGGGAAATATTAAAATAGGATCAGCAG TTCAGATGGGACAAACCCATATACTTGG	{13297} {13260}
3.326001953228442	3050	3287	237	3050	1	0.9948051948051948	AAAATAGACAGTCTGGGTCATCACACGAAT	3257	1	0.9922077922077922	GAAAGATGGATAAGGACTCTATTGAGGGGA	3	0.9948051948051948	TCTAAAAATGGAACCCAAAACACGGAGG TCTAAAAATGGAACCCAGAACACGGAGG TTCTAAAAATGGAACCCAAAACACGGAG	{3208} {3208} {3207}
3.358788527362399	9679	9788	109	9679	1	0.9922077922077922	TATAAAAAACTTAGGAGCAAAGCGTGCTCG	9758	2	0.9948051948051948	CCTGAGTGTCACCTCAATTCTCCTATCGTT CCTGAGTGTCACCTTAACTCTCCTATCGTT	1	0.9974025974025974	CTGAATCTAACAATGGCACTGTGTCTGA	{9720}
3.506918128345179	13272	13387	115	13272	1	0.9948051948051948	AAACCCATATACTTGGATGTATTTACCGGG	13357	2	0.9948051948051948	TTTGGATCAGTCACTGACGAAAGATCTGAA TTTGGATCAGTCACTGATGAAAGATCTGAG	2	0.9974025974025974	AAAATAGGTTCAGCAGAAACAGGTATAT AGGTATATCGTCATTAAGAGTTCCTTAT	{13309} {13329}
3.529423285568201	8834	8953	119	8834	1	0.9922077922077922	GTTGGACCAGGGATATACTACAAAGGCAAA	8923	2	0.9922077922077922	CACAACTGGGTGTCCCGGGAAAACACAGAG CACAACTGGGTGTCCTGGGAAAACACAGAG	2	1.0	CGGGTATGGAGGTCTTGAACATCCGATA GAGGTCTTGAACATCCAATAAATGAGAA	{8875} {8883}
3.650216028494806	579	725	146	579	2	0.9922077922077922	CGAGAGAGATGATATATGAGAAGACAACTG CGAGAGAGATGGTATATGACAAGACAACTG	695	1	0.9922077922077922	CACACGTTTGGGTATCCATCATGTTTAGGA	2	0.9896103896103896	CCTGGATTATGATCAGGAAACTATGTTG GACCTGGATTATGACCAGGAAACTATGC	{628} {626}
3.6615515990016814	403	589	186	403	1	0.9922077922077922	TAATGAGAAACAACATGCACAAAGAGCAGG	559	2	0.9922077922077922	TGGAGGATTTGTGGTTAAGACGAGAGAGAT TGGAGGGTTTGTGGTTAAGACGAGAGAGAT	1	0.9922077922077922	CATGATTGAGAAAGATCTAAAACGGCAA	{526}
3.66833196905215	9558	9709	151	9558	2	0.9948051948051948	GTTCAAAACAGAGATTCCAAAAAGCTGCAG GTTTAAAACAGAGGTTCCAAAAAGCTGCAG	9679	1	0.9922077922077922	TATAAAAAACTTAGGAGCAAAGCGTGCTCG	2	0.9896103896103896	ACCTATCTATAATACAAGTATATGATAA ATAATTAATCAGCAATCAGACAATAGAC	{9617} {9641}
3.7017545914674486	8700	8861	161	8700	2	0.9948051948051948	GATCAGACTATGCATCATCAGGTATAGAAG GATCAGATTATGCATCATCAGGCATAGAAG	8831	1	0.9922077922077922	TCTGTTGGACCAGGGATATACTACAAAGGC	2	1.0	CTTGATATTGTCAATTATGATGGCTCAA TTGTCAACTATGATGGCTCAATCTCAAC	{8738} {8745}
