cost	target-start	target-end	target-length	left-primer-start	left-primer-num-primers	left-primer-frac-bound	left-primer-target-sequences	right-primer-start	right-primer-num-primers	right-primer-frac-bound	right-primer-target-sequences	num-guides	total-frac-bound-by-guides	guide-target-sequences	guide-target-sequence-positions
4.04197901698314	384	590	206	384	1	0.9259259259259259	CAGTGTTCTAGCCTGCGTGGCTGCCTGCAC	560	1	0.9153439153439153	GCAATTGCGGGATGGGACCAACTACTTTGG	10	0.8518518518518519	ACCCTGCAGCTAGTGCATGAAATCCATC CCACGTGTGCTCATCTTGAGTCCTCCGG CCGTGTGTTCATCTTGAGTCCTCCGGCC CCTTAACCCTGCAGCTAGTACATGCAAT CTAACCTTAAACCTGCAGCCATTGCTCA CTGCAGCTAGTGCATACAAACCAGTATG GGCTAACCTTAACCCTGCAGCTAGAGCA GTGGCTAACCTTAAACCCGCAGCCAAGG GTGGCTAACCTTAAACCTGCAGCCAATG TGAAGAGCCGCGTGTGCTCAGTGTGCTT	{513} {463} {465} {508} {504} {516} {502} {500} {500} {456}
4.792285018119717	470	597	127	470	2	0.9206349206349206	TGCTCACTTTGAGTCCTCCGGCCCCTGAAT TGCTTATTGTGAGTCCTCCGGCCCCTGAAT	567	1	0.9576719576719577	CGGGATGGGACCAACTACTTTGGGTGTCCG	13	0.8624338624338624	ACCCTGCAGCTAGTGCATGAAATCCATC AGCCATTGCCTACAAGCCAGTGGGTATG CCGCAGCCATTACTCACAATCCAGTGAG CTAACCTTAAACCTGCAGCCATTGCTCA CTGCAGCTAGTGCATACAAACCAGTATG CTGCTATTGCACACGAACCAGTGTGTGG GCAAGTCTATGGTCGTAATGAGTAATTG GGCTAACCTTAAACCCGCAGCCATGGTC GGCTAACCTTAACCCTGCAGCCAGTACG GGCTAACCTTAACCCTGCAGCTAGAGCA GTATCCATTGCACACAAACCAGTGTGTC GTGGCTAACCTTAAACCCGCAGCCAAGG GTGGCTAACCTTAAACCTGCAGCCAATG	{513} {520} {516} {504} {516} {519} {539} {502} {502} {502} {518} {500} {500}
5.8974010878282055	471	717	246	471	2	0.9470899470899471	GCTCACTTTGAGTCCTCCGGCCCCTGAATG GCTCAGTGTGCTTCCTCCGGCCCCTGAATG	687	2	0.9153439153439153	TGGGCGCTCAGGTATCTAGACAGAATGTTG TGGGTGCACAAGTTTCCAGACAAAATGTTG	14	0.8888888888888888	ACCCTGCAGCTAGTGCATGAAATCCATC ACCTTAACCCTGCAGCTAGAGTGCACAA AGCCATTGCCTACAAGCCAGTGGGTATG CCGCAGCCATTACTCACAATCCAGTGAG CGGCTAACCTTAACCCTGCAGCTAGAGC CTGCAGCTAGTGCATACAAACCAGTATG CTGCTATTGCACACGAACCAGTGTGTGG GCAAGTCTATGGTCGTAATGAGTAATTG GGCTAACCTTAAACCCGCAGCCAAGGTG GGCTAACCTTAAACCCGCAGCCATGGTC GGCTAACCTTAAACCTGCAGCCAGTGCA GGCTAACCTTAAACCTGCAGCCATTGCT GTATCCATTGCACACAAACCAGTGTGTC TCCAATGGGTTTACGGTCGTAACGCGCA	{513} {507} {520} {516} {501} {516} {519} {539} {502} {502} {502} {502} {518} {535}
7.612236002980723	687	855	168	687	2	0.9153439153439153	TGGGCGCTCAGGTATCTAGACAGAATGTTG TGGGTGCACAAGTTTCCAGACAAAATGTTG	825	6	0.9047619047619048	CACAAGACCCAAGCAAATTCACAGATCCAG CACAAGATCCAAGTAAATTTACAGACCCTG CACAAGATCCCAGTAAATTCACTGACCCAG CACAAGATCCTAGCAAATTTACTGACCCAG CCCAAGACCCGAGCAAATTCACAGACCCTG CTCAAGACCCTAGTAAATTTACTGACCCTG	7	0.9523809523809523	AACTATTTCAACATAAATTATTTCAAAG AGTTTAAATTACTTCAACATCAACTACT ATTATTTCAACATAAATTATTTTAAAGA CTAGCCTCAATTATTTCAACATCAACTA GTATCAAATGGATCTAGTTTAAACTACT TTAAATTACTTTAACATCAATTACTTCA TTTAACATTAATTATTTTAAAGATGCAG	{761} {755} {762} {753} {740} {758} {767}
8.392679969342407	3661	3875	214	3661	3	0.91005291005291	TCATATACCGAACAAACACTACAGGTGATG TCATTTACCGAACAAACACCAAAGGTAATG TCATTTACCGCACAAACACTATAGGTGATG	3845	6	0.91005291005291	AGGACCATGTGAACCAGGTGATTGTGGTGG AGGACCATGTGCACCTGGAGATTGTGGAGG AGGCCCTTGTGAACCAGGTGACTGTGGTGG AGGTCCATGTGAACCAGGAGATTGTGGAGG GGGACCATGTGAACCTGGTGACTGTGGTGG GGGACCTTGTGAACCAGGTGACTGTGGAGG	7	0.8888888888888888	AAACAGATATTACCCAATAAATGTCAAG AGAAAGTGAATACTACCCAAAACATATT GGTATGAAATACAAGAGAGTGAATACTA GTAATTGTACTGACTGTACATATTACTG TCAGAGTATTACCCAAAACATATCCAGT TGGCATGAAATCCAAGAAAGTGAATATT TGGTATGAAATACAAGAAAGTGAATATT	{3743} {3794} {3781} {3706} {3798} {3780} {3780}
8.996503865708119	687	926	239	687	2	0.9153439153439153	TGGGCGCTCAGGTATCTAGACAGAATGTTG TGGGTGCACAAGTTTCCAGACAAAATGTTG	896	8	0.9047619047619048	CCAACAGTAGAAGCTTGTGGATACTCTGAC CCAACAGTGGAGGCTTGTGGATATTCAGAT CCAACAGTTGAAGCTTGTGGTTATTCAGAT CCAACTGTTGAGGCATGTGGTTATTCAGAT CCATCTGTTGAGGCTTGTGGATATTCAGAC CCCTCTGTTGAAGCTTGTGGGTATTCAGAT CCTACAGTAGAAGCATGTGGATATTCAGAT CCTACAGTAGAAGCATGTGGTTACTCAGAC	6	0.9682539682539683	AAAGATGTATTAGAGAAAGGCATCCCAA GCACACACTCAACACAAAACTCAGTGTC GTAAATTTACTGACCCAGTTAAAGATGT TAGAATTCTCACAAGATCCAAGCAAATT TTTAAACTACTTCAACATCAACTACTTC TTTAAATTACTTTAATATAAATTACTTC	{857} {717} {837} {816} {757} {757}
9.704557335320482	7353	7485	132	7353	7	0.9206349206349206	GGACAAAGAAACCATCTCAAATGCAGGAGC GGACAAAGAACCCCAGAAACATGCAAGAAC GGACAAAGAACCCGTCATGCATGCAGGAGC GGACAAAGAAGCCCTCACAGATGCATGAGC GGACTAAAAATCCATCTCAGATGCAGGAGC GGACTAAGAAACCTTCACAGATGCAAGAAC GGACTAAGAACCCTTCATGTATGCAAGAAC	7455	4	0.91005291005291	GCAGCGTTAGCGCTGGACGCGCGCTGTATA GCAGTGTTAGCGCTGGTCGTGCACTGTATA GCAGTGTTTCTGCTGGACGGGCACTGTATA GGAGTGTTAGCGCTGGTCGCGCACTCTATA	9	0.9259259259259259	AGAAAAATATAAACACTTTGTGGACAAG CACTGTGCCATCTAATGTGGCATAATGG CATAGTGGAAAAGATAAATATGACCAGT CTATCATTGTGTCACTTAATGTGGCACA CTGTCACTGTGTCACTTAATGTGGCACA GCCACTTAATGTGGCATAATGGACAGGA TATGTCACCTAATGTGGCACAATGGACG TCTAATGTGGCACAATGGTAAACACACA TGTCATCTTATGTGGCATAATGGAAAAG	{7423} {7392} {7412} {7388} {7388} {7398} {7395} {7402} {7397}
9.78831994898703	561	808	247	561	1	0.9153439153439153	CAATTGCGGGATGGGACCAACTACTTTGGG	778	10	0.91005291005291	TTACTTCAAAGATGCAGCATCAAGCGGCGC TTACTTCAAGGATGCAGCCTCTAGTGGCGC TTACTTTAAGGATGCTGCATCAAGTGGTGC TTATTTCAAAGATGCAGCATCTAGCGGAGC TTATTTCAAAGATGCTGCATCAAATGGTGC TTATTTCAAGGATGCAGCCTCCAGCGGTGC TTATTTCAAGGATGCTGCCTCCAGTGGAGC TTATTTTAAAGATGCAGCCTCATCAGGAGC TTATTTTAAAGATGCAGCCTCTAGTGGTGC TTATTTTAAGGATGCTGCTTCAAGTGGAGC	7	0.9206349206349206	CAAAATGTTGGAACACACTCCACACAAA CAAAATGTTGGTACACACTCAACACAAA CAAATGGTTCAAGCCTGAATTACTTCAA CGCTCAAGTATCAAGACAGAATGTTGGT GTATCTAGACAGAATGTTGGAACTCACT TATCCAGACAGAACGTTGGTACTCACTC TCCAGACAAAATGTTGGCACACACTCAA	{707} {707} {744} {691} {698} {699} {701}
11.206909836406473	687	808	121	687	2	0.9153439153439153	TGGGCGCTCAGGTATCTAGACAGAATGTTG TGGGTGCACAAGTTTCCAGACAAAATGTTG	778	10	0.91005291005291	TTACTTCAAAGATGCAGCATCAAGCGGCGC TTACTTCAAGGATGCAGCCTCTAGTGGCGC TTACTTTAAGGATGCTGCATCAAGTGGTGC TTATTTCAAAGATGCAGCATCTAGCGGAGC TTATTTCAAAGATGCTGCATCAAATGGTGC TTATTTCAAGGATGCAGCCTCCAGCGGTGC TTATTTCAAGGATGCTGCCTCCAGTGGAGC TTATTTTAAAGATGCAGCCTCATCAGGAGC TTATTTTAAAGATGCAGCCTCTAGTGGTGC TTATTTTAAGGATGCTGCTTCAAGTGGAGC	17	0.9523809523809523	AAATGGATCAAGCCTGAATTATTTCAAC ACTCAACCCAAAACTCAGTATCAAATGG ATGGATCTAGCTTAAATTATTTCAACAT ATGGATCTAGTTTAAACTACTTCAACAT CAAATGGATCAAGTTTAAATTACTTTAA CACAAAATTCAGTGAGCAATGGATCTAG CCCAAAACTCTGTTTCAAATGGATCCAG GATCTAGTCTTAATTATTTTAACATCAA GCACACACTCAACACAAAACTCAGTTTC GCACACACTCCACACAGAACACAGTTAC GTACACACTCAACACAAAATTCAGTGTC GTACACACTCAACTCAAAATGCAGTGAC GTTCAAGTCTAAATTACTTCAACATCAA GTTCAAGTCTAAATTACTTTAACATCAA TCAAATGGATCAAGTCTGAATTATTTCA TCCAATGGTTCAAGTCTAAACTATTTCA TCCACACAAAACACAGTTACAGGAGGAT	{745} {723} {747} {747} {744} {729} {729} {750} {717} {717} {717} {717} {750} {750} {743} {743} {725}
11.895972960526725	900	1145	245	900	8	0.9047619047619048	CAGTGGAGGCTTGTGGTTATTCAGATAGGA CAGTTGAAGCGTGTGGGTATTCAGATAGGA CAGTTGAAGCTTGTGGATATTCGGATAGAA CAGTTGAAGCTTGTGGTTACTCAGATAGAA CAGTTGAGGCTTGTGGATACTCAGATAGGA CTGTAGAAGCTTGTGGATACTCTGACAGAA CTGTTGAAGCTTGTGGCTATTCAGATAGGA CTGTTGAGGCATGTGGATATTCAGATAGAA	1115	5	0.91005291005291	TCAAAAGGATGGTGGTGGAAATTACCAGAT TCAAAAGGATGGTGGTGGAAGTTGCCTGAT TCATCTGGCTGGTGGTGGAAATTACCTGAT TCCAAGGGATGGTGGTGGAAACTACCTGAT TCTAAAGGATGGTGGTGGAAGCTTCCAGAT	14	0.9312169312169312	ACCATAACATCACAAGACATAGCTAATG ACTATTTAACACCACAAGATGCCACTGC ACTCAACTATAACTTCACAAGATGTCGC ATCCAAATCACAAGAGGAGATTCAACAA ATTCAACAATAACATCACAAGATGTAGC CACAGGATGTTGCCAATGCAGTCGTTGG CCACACTACCTAACTCCACAAGATGCAA CCACCATAACATCTCAAGATGTTGCAAA CGTGGAAATTCAACCATCACCTCACAGG GACTCCACAATAACATCACAAGATGTTG TAATGCAAATTACAAGAGGTGACTCCAC TACAAATAACCCGTGGAGATTCCACTAT TTATACAAATCACCAGAGGAGATTCAAC TTCAAATAACAAGAGGAGACTCCACAAT	{956} {1011} {951} {932} {951} {966} {1007} {954} {944} {950} {930} {933} {930} {933}
12.301848055426138	825	926	101	825	6	0.9047619047619048	CACAAGACCCAAGCAAATTCACAGATCCAG CACAAGATCCAAGTAAATTTACAGACCCTG CACAAGATCCCAGTAAATTCACTGACCCAG CACAAGATCCTAGCAAATTTACTGACCCAG CCCAAGACCCGAGCAAATTCACAGACCCTG CTCAAGACCCTAGTAAATTTACTGACCCTG	896	8	0.9047619047619048	CCAACAGTAGAAGCTTGTGGATACTCTGAC CCAACAGTGGAGGCTTGTGGATATTCAGAT CCAACAGTTGAAGCTTGTGGTTATTCAGAT CCAACTGTTGAGGCATGTGGTTATTCAGAT CCATCTGTTGAGGCTTGTGGATATTCAGAC CCCTCTGTTGAAGCTTGTGGGTATTCAGAT CCTACAGTAGAAGCATGTGGATATTCAGAT CCTACAGTAGAAGCATGTGGTTACTCAGAC	16	0.9206349206349206	AAAAGATGTGTTGACTAAAGGAATACCC AAAGATGTATTATTGAAGGATATACCAA AAAGATGTCCTAGAAAAAGGAATCCCAA AAAGATGTTCTAACAAAAGGAATTCCAA AAGATGTATTAGAGAAAGGAATCCCCAC AAGATGTCTTAGAAAAAGGAATTCCAAC AAGATGTTCTAACAAAAGGTATTCCAAC CAAAGATGTACTAGAAAAAGGCATTCCA CACAAAAGGCATACCAACCCTACAATCA CTTGAAAAAGGAATACCAACTTTACAAT GATGTTCTTGAAAAAGGAATTCCAACAC GATGTTTTGGAAAAAGGTATACCCACTC TAGAGAAAGGAATACCAACACTACAATC TCAAAGATGTTCTAATGAAAGATATACC TTAAAGATGTACTAGAAAAAGGTATCCC TTAAAGATGTACTGGAGAAAGGCATTCC	{856} {857} {857} {857} {858} {858} {858} {856} {868} {866} {860} {860} {867} {855} {855} {855}
13.73021637303119	1115	1253	138	1115	5	0.91005291005291	TCAAAAGGATGGTGGTGGAAATTACCAGAT TCAAAAGGATGGTGGTGGAAGTTGCCTGAT TCATCTGGCTGGTGGTGGAAATTACCTGAT TCCAAGGGATGGTGGTGGAAACTACCTGAT TCTAAAGGATGGTGGTGGAAGCTTCCAGAT	1223	10	0.9047619047619048	CAATGCAATGCAAGCAAATTTCACCAAGGA CAATGCAATGCTAGCAAATTCCACCAGGGC CAATGCAATGCTAGTAAGTTCCATCAAGGA CAATGTAACGCTAGTAAGTTTCACCAAGGC CAATGTAATGCCAGCAAATTTCATCAAGGA CAATGTAATTCTAGCAAGTTTCATCAGGGT CAGTGCAACTCTAGTAAATTTCATCAGGGC CAGTGCAATGCAAGTAAATTCCACCAAGGC CAGTGTAATGCTAGTAAATTCCATCAAGGT CAGTGTAATTCAAGCAAATTCCATCAAGGG	21	0.8888888888888888	AAAACATGTATTACCATTTCTTGGGAAG AAATATGGGCATCTTTGGAGAAAACCTT ACATGTATTACCACTTTCTTGGTCGAAG ATATGGGAATTTTTGGAGAAAATCTATT CTTTGGAGAAAACATGTTCTATCATTTT GAGAAAACATGTTCTACCATTTCTTGGG GAGAAAATATGTACTACCACTATCTTGG GAGAAAATATGTTCTATCACCACTTAGG GCATTAAAGAACATGGGGATATTTGGTG GGGCAGAAGTGGTTATACAATACATGTA GTGAAAACATGTTCTATCACTTCTTAGG TATTTGGTGAAAATATGTACTATCACTT TCTTTGGTGAAAACATGTTTTATCATTT TGGGTAGAAGCGGATACACAGTCCATGT TGTATTACCATTTCCTAGGAAGAAGCGG TGTATTACCATTTCCTGGGTAGAAGTGG TGTATTACCATTTCCTTGGAAGAAGTGG TTAAGGATATGGGCATTTTTGGAGAGAA TTACCACTATCTGGGTAGAAGTGGATAC TTACCACTTCCTCGGCAGAAGCGGGTAC TTTGGTGAAAATATGTTCTACCATTTCC	{1173} {1153} {1176} {1155} {1165} {1170} {1170} {1170} {1145} {1195} {1170} {1164} {1164} {1194} {1179} {1179} {1179} {1149} {1183} {1183} {1166}
14.234729642842769	778	932	154	778	10	0.91005291005291	TTACTTCAAAGATGCAGCATCAAGCGGCGC TTACTTCAAGGATGCAGCCTCTAGTGGCGC TTACTTTAAGGATGCTGCATCAAGTGGTGC TTATTTCAAAGATGCAGCATCTAGCGGAGC TTATTTCAAAGATGCTGCATCAAATGGTGC TTATTTCAAGGATGCAGCCTCCAGCGGTGC TTATTTCAAGGATGCTGCCTCCAGTGGAGC TTATTTTAAAGATGCAGCCTCATCAGGAGC TTATTTTAAAGATGCAGCCTCTAGTGGTGC TTATTTTAAGGATGCTGCTTCAAGTGGAGC	902	8	0.91005291005291	GTAGAAGCTTGTGGGTACTCAGATAGAATA GTAGAGGCTTGTGGATACTCTGATAGGATT GTGGAAGCATGTGGTTATTCAGATAGGATC GTTGAAGCTTGTGGATATTCTGATAGAATC GTTGAAGCTTGTGGCTATTCAGATAGGATT GTTGAAGCTTGTGGTTACTCAGACAGAATC GTTGAGGCATGTGGTTATTCAGATAGAATT GTTGAGGCTTGTGGATATTCAGACAGGATA	7	0.9153439153439153	ATCAAAATTAGAGTTCACTCAAGACCCT GTAAATTTACTGACCCAGTTAAAGATGT TAGAAAAAGGAATTCCAACACTACAATC TAGAATTCTCACAAGATCCAAGCAAATT TAGATTTTTCCCAAGATCCTAGCAAATT TGGATTTTTCACAAGACCCAAGCAAATT TTGAATTTTCACAAGACCCAAGCAAATT	{808} {837} {867} {816} {816} {816} {816}
14.564601087828203	4722	4875	153	4722	10	0.91005291005291	CCAGACCCGAAATACTTTGATGGGTACGAC CCAGATCCAAAATACTTTGATGGTTATGAC CCAGATCCAAAATATTTTGATGGCTACGAT CCAGATCCCAAATATTTTGATGGATATGAC CCATCACCAAAATACTTTGATGGCTATGAC CCATCACCCAAATATTTTGATGGGTATGAT CCCGACCCAAAATATTTTGATGGGTATGAT CCCTCGCCAAAGTATTTTGATGGGTATGAC CCTGACCCTAAATACTTTGATGGATATGAT CCTGATCCCAAGTATTTTGATGGTTACGAC	4845	8	0.91005291005291	ATACCACCAATGGCAGATTTACCAGACAAA ATACCACCAATGGCTGATTTACCAGATAAG ATACCACCAATGGCTGATTTACCTGATAAA ATACCACCTATGGCAGATCTACCAGATAAA ATACCACCTATGGCTGACTTGCCTGATAAG ATCCCACCCATGGCAGACCTTCCGGATAAG ATCCCTCCAATGGCTGATCTTCCAGACAAA ATTCCCCCAATGGCTGACTTACCAGATAAA	10	0.9312169312169312	ACATCATGCAAAACCCAGATGGTGAGGA AGTGTTGTTATCATGGATGATATCATGC AGTGTTGTTATTATGGATGACATTATGC ATGACATCATGCAAAATCCCACTGGAGA GACATAATGCAAAACCCAAGTGGTGAAG GAGTGTAGTTATCATGGATGATATAATG TAATGGATGACATCATGCAAAATCCAAG TAATGGATGATATCATGCAAAATCCTAG TGGATGACATCATGCAAAACCCTGGTGG TGGGGATGATATGACCCTATTCTGTCAA	{4777} {4758} {4758} {4774} {4776} {4757} {4768} {4768} {4771} {4796}
15.012229642842772	7391	7498	107	7391	9	0.9047619047619048	TCACTATGCCACCTAATGTGGCACAATGGA TCACTCTGTCATTTACTATGGCATAGTGGA TCACTGTGCCATCTAATGTGGCATAATGGT TCATTATGCCATTTGATGTGGCACAATGGA TCATTGTGTCACTTAATGTGGCATAATGGT TCCCTGTGTCACCTTATGTGGCATAATGGT TCCTTGTGTCATCTAATGTGGCACAATGGC TCTCTATGTCATCTCATGTGGCATAATGGA TCTCTGTGTCACTTAATGTGGCACAATGGC	7468	7	0.91005291005291	TGGACGCGCGCTGTATATTCCTCCCTATGA TGGACGTGCACTGTACATCCCTCCCTACGA TGGACGTGCGCTGTACATCCCACCCTATGA TGGTCGCGCACTGTATATACCACCATATGA TGGTCGCGCACTGTATATACCACCTTATGA TGGTCGGGCACTGTATATACCTGGATACGA TGGTCGTGCACTGTATATCCCTCCTTATGA	28	0.8677248677248677	AAAAATTTGTGGATAAGATACGCAGTGT AAACAGTTTGAGAAGCGGATACGCAGTG AAAGAATTTGAACGGAGGATTCGCAGCG AAAGTTTGAGAAGAAGATACGCAGTGTG AAGAAGTTTGAGGAGCGTATACGCAGTG AAGCAGTTCGAACAAAAGATACGCAGTG AAGCAGTTTGAGGATAAGATACGCAGTG AAGGAGCCATATAACCATTTTGTGGCAA ACAAAAAATTTGAGGAGCGAATACGTAG AGTGCTTATAAGAGTTTTGTAGAGAGGA ATAAATATGATTCATTCGTGAACAAGAT ATGTGTATAAGAAATTTGAGAAGCAGAT CAGGAATTCGTTAAAGGTATACGCAGTG CATATCAGGAATTCACCAAAGGTATACG CCGGAGGTTTATAAGGATTTTGAGAATA CGTAAGGTGTATGAGGATTTCTCTAACA GAAAAATATAAACACTTTGTGGACAAGA GACATGAGTATCAGAATTTTGTCAAAGG GATCAGTTTGTGGCCAAGATTAGGAGTG GCAGGCTTATGAAGACTTTGTGTCTAAA GTACAATGATTTTGTGCGGAAGATACGC TCGAGAATAAGATACGCAGCGTCAGCGC TTCGAAAGGAAAATACGCAGTGTCAGCG TTGAAAAGAAGATACGCAGCGTCAGCGC TTTGAAACAAAGATACGCAGTGTCAGCG TTTGAACAGAAAATACGCAGTGTCAGCG TTTGAACGGAAAATACGCAGTGTTAGCG TTTGAGCAAAAGATACGCAGTGTGAGCG	{7434} {7433} {7433} {7435} {7433} {7433} {7433} {7421} {7431} {7424} {7425} {7425} {7433} {7428} {7421} {7421} {7424} {7422} {7433} {7423} {7429} {7440} {7439} {7440} {7439} {7439} {7439} {7439}
15.095016028494806	6779	7011	232	6779	9	0.9047619047619048	GGATGCGACCCTGAAACCTTTTGGTCTAAG GGATGTGATCCAGAAACATTTTGGTCAAAA GGATGTGATCCAGAGATATTCTGGTCAAAG GGATGTGATCCTGAAGTTTTCTGGTCAAAA GGGTGTGACCCTGAAACTTTTTGGTCAAAG GGGTGTGACCCTGAAGTATTCTGGTCAACC GGGTGTGATCCAGAAGTGTTTTGGTCAAAA GGGTGTGATCCTGAGACTTTCTGGTCTAAA GGTTGCGATCCAGAGACTTTTTGGTCAAAA	6981	9	0.9047619047619048	ACTATGAAGTAGAAGGTGGTGTGCCATCAG ACTATGAAGTTGAGGGTGGAGTGCCATCAG ACTATGAGGTTGAAGGGGGGGTGCCATCAG ACTATGAGGTTGAAGGGGGTGTTCCATCTG ATTATGAAGTGGAAGGAGGTGTTCCATCTG ATTATGAAGTGGAAGGTGGAGTTCCTTCTG ATTATGAAGTTGAAGGTGGGGTGCCATCAG ATTATGAGGTAGAAGGGGGGATGCCATCAG ATTATGAGGTTGAGGGAGGGGTCCCATCAG	13	0.9312169312169312	ACCAGTCATGCTTGATGGTGAGTGCCTT ATAATGGCTTTTGATTATACAAATTATG ATGGAGAATGCATAATGGCATTTGACTA ATGGAGAGTGTATAATGGCCTTTGACTA ATGTATAATGGCATTTGATTACACAAAT CCTGTGATGTTAGATGGTGAATGCATAA CTGCATAATGGCCTTTGATTATACAAAC GAGAATGTCTAATGGCTTTTGATTACTC GTCAATAAATTGTGTAACTCCAAACACA GTGAGTGTATAATGGCCTTTGATTACAC TCCCCTAATGTTGGATGGAGATTGCCTC TTATGCAATTCTAAACACATATATAAAA TTATGTAAATCAAAACACATTTTCAAAA	{6811} {6836} {6825} {6825} {6832} {6812} {6832} {6828} {6938} {6828} {6811} {6947} {6947}
15.486879016983139	5979	6112	133	5979	10	0.9047619047619048	TAAGTGGTAATCAAACTGCTAGGATGATCA TCAGTGGCAACCAGACAGCTAGAATGCTCA TCAGTGGCACTCAAACAGCAAGAATGCTTA TGAGTGGTACCAATACTGCACGAATGATCA TGAGTGGTAGTCAAACTGCAAGAATGATTA TTAGTGGAAACCAAACAGCTAGAATGCTTA TTAGTGGAAATCAAACAGCAAGAATGCTCA TTAGTGGAACACAGACAGCCAGAATGCTTA TTAGTGGCAATCAAACAGCAAGGATGCTTA TTAGTGGTAACCAAACAGCCCGAATGCTCA	6082	8	0.9047619047619048	CGTTGGTGGAAATGGAAGAGATGGATTCTC TGTAGGTGGAAATGGTAGAGATGGATTTTC TGTAGGTGGCAATGGAAGACATGGATTCTC TGTGGGTGGAAATGGAAGAGATGGTTTTTC TGTGGGTGGTAATGGTAGAGATGGGTTCTC TGTTGGAGGTAATGGGAGGGATGGATTCGC TGTTGGGGGAAATGGTAGAGATGGTTTCTC TGTTGGTGGTAATGGAAGAGATGGATTTGC	19	0.9047619047619048	AACAAAAGCTGGATATTGTGGGGGTGTC AATACAACTATCCAACTAAATCAGGGTA AATACAATTACCCCACTAAATCAGGTTA AATACAATTACCCTACAAAGTCTGGATA AATACAATTATCCAACCAAGTCAGGATA AATACAGTTACCCAACTAAATCTGGTTA ACAACTATCCAACAAAATCTGGGTACTG ACAATTACCCAACAAAATCAGGGTATTG ACCATTACCCAACCAAATCTGGATACTG ACTACCCAACAAAATCAGGATTTTGTGG AGTATAACTACCCAACCAAATCTGGATT ATTACCCAACAAAATCAGGATACTGTGG CAGGATATTGTGGAGGAATTTTATACAA CTGTATAAAATTGGACAAGTTCTTGGAA GGAGGTGTGCTATACAAAATTGGCCAAA GGATATTGTGGTGGTGTTTTATACAAAA GGGGTCTTATACAAAATAGGCAACATTC TGCGGTGGTATTTTATACAAAATTGGAC TGGTGGTGTTCTATACAAAATAGGTCAG	{6022} {6009} {6009} {6009} {6009} {6009} {6012} {6012} {6012} {6015} {6009} {6015} {6030} {6050} {6041} {6032} {6044} {6038} {6040}
15.71764392500394	6778	6891	113	6778	9	0.9047619047619048	AGGGTGTGACCCTGAAGTATTCTGGTCAAC AGGGTGTGACCCTGAGACTTTCTGGTCAAA AGGGTGTGATCCAGAGACCTTTTGGTCGAA AGGGTGTGATCCTGAAGTGTTTTGGTCAAA GGGATGTGATCCAGAAACATTTTGGTCAAA GGGGTGTGATCCTGAAATATTCTGGTCAAA TGGATGTGACCCTGAAACCTTTTGGTCTAA TGGATGTGATCCTGAAGTTTTCTGGTCAAA TGGTTGTGATCCAGAGACTTTTTGGTCAAA	6861	10	0.9047619047619048	ATGATGGAAGCATACATCCAATGTGGTTTC ATGATGGAAGTTTAAGTCCAGTGTGGTTTC ATGATGGAAGTTTGCATCCAGTATGGTTTA ATGATGGCAGCATACATCCTATTTGGTTTG ATGATGGCAGTCTTCATCCGATTTGGTTTG ATGATGGGAGTCTCAATCCAGTATGGTTTA ATGATGGTAGCATACACCCTGTTTGGTTTC ATGATGGTAGTATACACCCAATTTGGTTCC ATGATGGTAGTATACACCCAATTTGGTTTG ATGATGGTAGTTTACATCCGGTTTGGTTCA	16	0.9259259259259259	ATGATAAGTGTATAATGGCCTTTGATTA ATGCTTGATGGTAACTGTTTAATGGCTT ATGGAGAATGTATAATGGCATTTGATTA ATGGAGAATGTATAATGGCTTTTGATTA ATGGAGACTGCATAATGGCATTTGATTA ATGGAGATTGTATAATGGCTTTTGACTA ATGTTAGATGATAAATGCATAATGGCTT CCCTTAATGTTAGATGGAGATTGCCTCA CTGTATCATGGCCTTTGATTATACAAAT GATGGTGAATGTCTTATGGCTTTTGATT GCGAATGCATAATGGCATTTGACTATAC TAAATGCATAATGGCCTTTGATTACACA TACCAGTGATGTTAGACGGAGAGTGCAT TAGATGGTGAATGCCTCATGGCTTTTGA TAGATGGTGATTGTTTGATGGCTTTTGA TTAGATGGTGAATGCATAATGGCTTTTG	{6825} {6818} {6825} {6825} {6825} {6825} {6818} {6812} {6832} {6824} {6828} {6829} {6810} {6822} {6822} {6821}
15.815457335320481	6016	6112	96	6016	7	0.9047619047619048	CTACCCCACAAAATCAGGGTATTGTGGAGG CTATCCAACAAAATCTGGATATTGTGGTGG CTATCCAACTAAATCTGGGTATTGTGGTGG TTACCCAACAAAATCAGGATATTGTGGTGG TTACCCAACAAAATCTGGATACTGTGGAGG TTACCCCACAAAATCAGGGTTTTGTGGAGG TTATCCAACAAAATCAGGTTATTGTGGTGG	6082	8	0.9047619047619048	CGTTGGTGGAAATGGAAGAGATGGATTCTC TGTAGGTGGAAATGGTAGAGATGGATTTTC TGTAGGTGGCAATGGAAGACATGGATTCTC TGTGGGTGGAAATGGAAGAGATGGTTTTTC TGTGGGTGGTAATGGTAGAGATGGGTTCTC TGTTGGAGGTAATGGGAGGGATGGATTCGC TGTTGGGGGAAATGGTAGAGATGGTTTCTC TGTTGGTGGTAATGGAAGAGATGGATTTGC	42	0.8994708994708994	ACTATATAAAATTGGTCAAATTCTTGGT ATACAAAATAGGTCAGATCATAGGGATC ATACAAAATTGGAAATATCCTGGGGATC ATACAAGATAGGTAGTATAATAGGAATT ATACAAGATTGGTCATATCATTGGAATA CTATACAAAATTGGACAAGTACTGGGGA CTATACAAAATTGGACAAGTCCTTGGAA CTATACAAAATTGGCCAAGTACTAGGCA CTATACAAAATTGGCCAAGTTCTGGGCA CTATACAAAATTGGGCAAGTATTGGGAA CTGTACAAAATTGGCCAAATTATTGGGA CTGTATAAAATAGGTCAAGTTCTGGGAA CTGTATAAAATTGGTCAAGTCCTTGGAA CTTATACAAAATAGGACTAGTTCTAGGT CTTATACAAAATAGGTAGTATAATAGGA CTTATATAAAATAGGTTTGATCTTGGGT GCTATATAAAATTGGCCAAATTCTCGGT GCTGTACAAAATAGGGCAGATTCTAGGT GTACAAAATAGGTCTGATCCTAGGTATC TACAAAATAGGGCAAATCATAGGAATAC TACAAAATTGGACAGGTCTTGGGTATAC TACAAAATTGGCCAGATCTTAGGCATAC TACAAAATTGGGCAAGTACTAGGGATAC TACTATACAAAATTGGGCAGATCCTTGG TACTATACAAAATTGGTCAGGTTCTTGG TATACAAAATAGGACAAGTCTTGGGCAT TATACAAAATTGGGCAGATTCTTGGCAT TATACAAAATTGGTCTGGTTTTGGGCAT TATTATACAAAGTGGGTCAAATAATTGG TCCTTTACAAGATCGGGCAAGTGCTTGG TCTTATACAAAATTGGCAACATTCTAGG TCTTGTATAAAATAGGATTAGTGCTAGG TGTACAAAATAGGGCTGGTCTTGGGTAT TTATACAAGATAGGTTTAGTATTAGGTA TTATATAAAGTTGGCTCCATTCTTGGCA TTATATAAGGTTGGCTCTATCCTTGGTA TTCTGTATAAAATAGGTAATGTTCTGGG TTTTATACAAAATAGGCCAAGTCCTGGG TTTTATACAAAATAGGTAGTGTCTTAGG TTTTATACAAAATAGGTTTAGTATTGGG TTTTATACAAGATAGGAAATGTTTTGGG TTTTATATAAGATAGGGTTAGTATTAGG	{6049} {6052} {6052} {6052} {6052} {6050} {6050} {6050} {6050} {6050} {6050} {6050} {6050} {6049} {6049} {6049} {6049} {6049} {6052} {6053} {6053} {6053} {6053} {6048} {6048} {6051} {6051} {6051} {6048} {6048} {6048} {6048} {6051} {6050} {6050} {6050} {6048} {6048} {6048} {6048} {6048} {6048}
16.220689758004454	6861	7011	150	6861	10	0.9047619047619048	ATGATGGAAGCATACATCCAATGTGGTTTC ATGATGGAAGTTTAAGTCCAGTGTGGTTTC ATGATGGAAGTTTGCATCCAGTATGGTTTA ATGATGGCAGCATACATCCTATTTGGTTTG ATGATGGCAGTCTTCATCCGATTTGGTTTG ATGATGGGAGTCTCAATCCAGTATGGTTTA ATGATGGTAGCATACACCCTGTTTGGTTTC ATGATGGTAGTATACACCCAATTTGGTTCC ATGATGGTAGTATACACCCAATTTGGTTTG ATGATGGTAGTTTACATCCGGTTTGGTTCA	6981	9	0.9047619047619048	ACTATGAAGTAGAAGGTGGTGTGCCATCAG ACTATGAAGTTGAGGGTGGAGTGCCATCAG ACTATGAGGTTGAAGGGGGGGTGCCATCAG ACTATGAGGTTGAAGGGGGTGTTCCATCTG ATTATGAAGTGGAAGGAGGTGTTCCATCTG ATTATGAAGTGGAAGGTGGAGTTCCTTCTG ATTATGAAGTTGAAGGTGGGGTGCCATCAG ATTATGAGGTAGAAGGGGGGATGCCATCAG ATTATGAGGTTGAGGGAGGGGTCCCATCAG	19	0.8624338624338624	AAGCCAGTCTAATAGATAGACTATGCAA AAGCTTTAAAGGAAGTGTTGGCAAACCT AGCATGCTTTTAGAAGATATAGGATTTT AGCTTTAAAAAAAGTTCTTGAAAACTTA AGTGTTTAAAAATGCTCCTGGAAGATAT ATAGACTATGTAATTCCAAACACATCTT CCCAAACTAATAGATAGATTATGCAACT CTCAAAATGATACTACACAATTTAGAAT CTCAATAAAGTGCTAACTGACCTGGGTT GACAGACTATGCAAATCAAAACATATTT GACAGATTGTGTAAATCAAAACATATAT GCACTCAAAATGATTTTACATAATCTTG GTCATCTAGTACAAAACTTATGTAGTTC GTTAGAAGTAGTATTAGATAGGTTAGGA TATGCAATTCTAAACACATATACAAAAC TATGCAATTCTAAACACATCTTCAAAAA TTATGTAAATCAAAACACATTTTCAAAA TTTAATAGATAGACTATGCAAATCCAAA TTTGAGAATGGTACTTGACAATTTATCC	{6927} {6891} {6899} {6892} {6891} {6942} {6929} {6896} {6896} {6941} {6941} {6893} {6930} {6895} {6948} {6948} {6947} {6934} {6895}
