cost	target-start	target-end	target-length	left-primer-start	left-primer-num-primers	left-primer-frac-bound	left-primer-target-sequences	right-primer-start	right-primer-num-primers	right-primer-frac-bound	right-primer-target-sequences	num-guides	total-frac-bound-by-guides	guide-target-sequences	guide-target-sequence-positions
3.1442738099539405	2215	2346	131	2215	1	0.9524496543432521	TGGAATTTCTAGCATGGTGGAGGCCATGGT	2316	1	0.9853922452660054	TCATGAAGATCTGTTCCACCATTGAAGAAC	4	0.9841899609257589	ACGGATTAAGAAAGAAGAGTTCTCTGAG GCCCGAATTGATGCACGCATTGATTTCG GCCCGAATTGATGCGCGAATTGACTTCG GGGCCCGGATTGATGCCAGAATTGACTT	{2287} {2252} {2252} {2250}
4.479923411032158	2041	2244	203	2041	3	0.9688007213706041	AGCCAAAAGCATGGAATATGATGCCGTTGC AGCCAAGAGCATGGAATATGATGCTGTTGC GGCCAAAAGTATGGAATATGATGCCGTTGC	2214	1	0.9525097685602645	TTGGAATTTCTAGCATGGTGGAGGCCATGG	2	0.9787195671776375	TCCTGGATCCCTAAGAGGAACCGCTCCA TTCGAGAAATTTTTCCCTAGTAGTTCAT	{2081} {2174}
4.497373533078032	2128	2339	211	2128	3	0.9534715960324617	GGGAATCCTTGAAGATGAACAGATGTATCA GGGAATTCTTGAGGATGAACAGATGTACCA GGGAATTCTTGAGGATGAGCAGATGTACCA	2309	1	0.983648932972648	TCTGAGATCATGAAGATCTGTTCCACCATT	2	0.9933874361286444	ATCTATTCGAAAAATTCTTCCCTAGCAG CCATGGTGTCTAGGGCCCGGATTGATGC	{2169} {2238}
4.933437705370951	2041	2153	112	2041	3	0.9688007213706041	AGCCAAAAGCATGGAATATGATGCCGTTGC AGCCAAGAGCATGGAATATGATGCTGTTGC GGCCAAAAGTATGGAATATGATGCCGTTGC	2123	2	0.951127141568981	CAAAGGGGAATCCTTGAAGACGAACAGATG CAAAGGGGAATTCTTGAGGATGAACAGATG	3	0.9823865344153893	CACACTCCTGGATCCCCAAGAGAAACCG CACATTCCTGGATTCCCAAAAGGAACCG TCCTGGATCCCTAAGAGGAACCGCTCCA	{2076} {2076} {2081}
5.132882728833828	160	357	197	160	1	0.9650135256988278	TGGAGATCCTCCATACAGCCATGGAACAGG	327	4	0.9519687406071536	GATATGCACAAACAGACTGTGTCCTGGAGG GATATGCACAAACAGATTGCGTGTTGGAAG GATATGCACAAACGGACTGTGTCCTTGAAG GGTATGCACAAACAGACTGTGTTCTAGAGG	2	0.992004809137361	CATGGACACAGTAAACAGAACACACCAA CCCAATTGATGGACCACTACCTGAGGAT	{202} {286}
5.196359093787734	160	387	227	160	1	0.9650135256988278	TGGAGATCCTCCATACAGCCATGGAACAGG	357	4	0.95575593627893	CAATGGCTTTCCTTGAAGAATCCCACCCAG CCATGGCTTTCCTTGAAGAATCTCACCCAG CTATGGCCTTCCTTGAAGAATCCCACCCAG CTATGGCTTTCCTTGAAGAATCCCATCCAG	2	0.9775773970544034	CATGGACACAGTAAACAGAACACACCAA GACACAGTCAATAGAACACACCAATACT	{202} {206}
5.463934243325825	2252	2346	94	2252	5	0.9543733092876465	GCCCGAATTGATGCACGCATTGATTTCGAA GCCCGAATTGATGCCAGGATTGACTTCGAA GCCCGAATTGATGCGCGAATTGACTTCGAA GCCCGGATTGATGCCAGAATTGACTTCGAG GCCCGGATTGATGCCAGAGTCGACTTTGAG	2316	1	0.9853922452660054	TCATGAAGATCTGTTCCACCATTGAAGAAC	3	0.9883378418996093	ACGGATCAAGAAAGAAGAGTTCTCTGAG CTGGAAGGATTAAGAAAGAAGAGTTTGC CTGGAAGGATTAAGAAGGAAGAGTTCTC	{2287} {2283} {2283}
5.507018128345179	2138	2253	115	2138	4	0.9523294259092275	GAAGATGAACAGATGTACCAGAAGTGTTGC GAAGATGAACAGATGTATCAAAAGTGCTGC GAGGATGAACAGATGTACCAGAAGTGCTGC GAGGATGAGCAAATGTACCAGAAGTGCTGT	2223	2	0.9588818755635707	CCAGCATGGTGGAGGCCATGGTTTCTAGGG CTAGCATGGTGGAGGCCATGGTGTCTAGGG	2	0.977697625488428	TTCGAGAAATTCTTCCCTAGCAGTTCAT TTCGAGAAATTTTTCCCTAGTAGTTCAT	{2174} {2174}
5.610589493487164	1306	1404	98	1306	2	0.9740306582506763	AATGATGATGGGCATGTTCAACATGCTAAG AATGATGATGGGCATGTTCAACATGCTGAG	1374	3	0.9509467989179441	AGAAATACACCAAGACAACATACTGGTGGG AGAAATACACCAGGACAACATACTGGTGGG AGAGGTACACCAAAACAACATACTGGTGGG	10	0.9861136158701533	ACAGTTTTGGGAGTTTCGATTCTAAATC CACAGTATTAGGGGTCTCAATCCTGAAT CACGGTTTTGGGAGTCTCAATACTGAAT CTGGGAGTTTCGATTCTAAATCTAGGGC GGGAGTATCGATACTGAATCTCGGACAA TACAGTCTTAGGAGTCTCAATCCTGAAT TACAGTCTTGGGAGTTTCGATTCTGAAT TACAGTTTTAGGAGTCTCGATACTGAAT TACGGTCTTGGGAGTCTCGATACTGAAT TGGGAGTCTCAATACTGAATCTTGGACA	{1337} {1336} {1336} {1343} {1345} {1336} {1336} {1336} {1336} {1344}
5.6576857056612075	1312	1460	148	1312	2	0.9500450856627592	GATGGGCATGTTCAACATGCTAAGTACAGT GATGGGCATGTTCAACATGCTGAGCACAGT	1430	4	0.9552750225428314	GCCCTCATAGTAAACGCACCAAATCATGAG GCCCTCATAGTGAATGCACCAAATCATGAG GCTCTCATAGTGAATGCACCAAACCATGAA GCTCTCATAGTGAATGCTCCGAATCATGAG	2	0.9642320408776676	GACAAAAGAAATACACCAAGACAACATA TTAGGGGTCTCAATCCTGAATCTTGGGC	{1368} {1343}
5.782770128054922	500	690	190	500	3	0.9550345656747821	GCAGCAACTGCATTAGCCAACACCATAGAA GCTGCAACTGCATTAGCTAATACTATAGAG GCTGCAACTGCTTTGGCCAACACTATAGAG	660	3	0.9665163811241358	GAGACAACATGACCAAGAAGATGGTCACGC GAGATAACATGACCAAAAAGATGGTCACAC GGGACAACATGACCAAGAAAATGGTCACAC	2	0.9713255184851217	AAAGAGGAAATAGAGATAACAACCCACT AGAGGAAATGGAAATAACAACACATTTC	{611} {613}
5.888865756109888	1912	2153	241	1912	4	0.9505259993988578	AGTCTGCTTAAAATGGGAGCTAATGGATGA AGTCTGCTTAAAGTGGGAGCTGATGGATGA AGTCTGCTTGAAATGGGAGCTGATGGACGA GGTCTGCTTGAAATGGGAACTGATGGATGA	2123	2	0.951127141568981	CAAAGGGGAATCCTTGAAGACGAACAGATG CAAAGGGGAATTCTTGAGGATGAACAGATG	2	0.9281635106702735	AGACTTTGTAATCCCCTGAATCCCTTTG GGAAGGCTTTGTAACCCCCTGAATCCGT	{1955} {1952}
5.908334243325825	116	210	94	116	4	0.9514277126540427	AAAATTCCAGCACAAAATGCCATAAGCACC AAAGTGCCAGCGCAAAATGCTATAAGTACC AAAGTTCCAGCGCAAAATGCCATAAGCACA AAGGTTCCAGCGCAGAATGCCATAAGCACC	180	2	0.9733694018635407	ATGGAACAGGAACAGGATACACCATGGACA ATGGAACAGGGACAGGGTACACTATGGACA	7	0.9939885782987676	ACATTCCCTTATACAGGAGATCCTCCAT ACATTCCCTTATACTGGAGATCCTCCAT CCCGTACACTGGAGATCCTCCATACAGC CCCGTATACTGGAGATCCTCCATACAGC CCCTTATACTGGAGATCCTCCATACAGC CCTTATACTGGTGACCCTCCATACAGCC TCCCTTACACTGGAGATCCTCCATACAG	{146} {146} {151} {151} {151} {152} {150}
6.330885737400775	1312	1499	187	1312	2	0.9500450856627592	GATGGGCATGTTCAACATGCTAAGTACAGT GATGGGCATGTTCAACATGCTGAGCACAGT	1469	5	0.9526901112113014	GCAGGAGTAGACAGATTCTATAGAACCTGC GCAGGAGTAGATAGATTCTACAGAACCTGC GCAGGAGTGGACAGATTCTACAGGACCTGC GCAGGAGTGGATAGATTCTACAGGACCTGC GCAGGAGTGGATAGATTCTATAGGACCTGC	1	0.9448752629996995	GACAAAAGAAATACACCAAGACAACATA	{1368}
6.35560063353398	1179	1336	157	1179	5	0.9539525097685603	GAACACAAATACCAGCAGAAATGCTAGCAA GAACACAAATACCGGCAGAAATGCTAGCAA GAACACAGATACCAGCAGAAATGCTATCAA GGACACAAATACCAGCAGAAATGCTTGCAA GGACACAAATACCTGCAGAAATGCTAGCAA	1306	2	0.9740306582506763	AATGATGATGGGCATGTTCAACATGCTAAG AATGATGATGGGCATGTTCAACATGCTGAG	2	0.9691012924556658	ACAAGGAAGAAAATTGAGAAAATAAGGC CAAGAAAGAAAATAGAGAAAATAAGACC	{1238} {1239}
6.446231969052151	1912	2063	151	1912	4	0.9505259993988578	AGTCTGCTTAAAATGGGAGCTAATGGATGA AGTCTGCTTAAAGTGGGAGCTGATGGATGA AGTCTGCTTGAAATGGGAGCTGATGGACGA GGTCTGCTTGAAATGGGAACTGATGGATGA	2033	3	0.9577397054403366	CATGGCCCAGCCAAAAGCATGGAATATGAT CATGGTCCAGCCAAAAGCATGGAATATGAT CATGGTCCGGCCAAAAGTATGGAATATGAT	3	0.9638112413585813	AGACTTTGTAATCCCCTGAATCCCTTTG GGAAGGCTTTGCAACCCCCTGAATCCGT TGAATCTGTAAACAATGCTGTGGTAATG	{1955} {1952} {1999}
6.485940417140111	367	530	163	367	4	0.9525097685602645	CCTTGAAGAATCCCACCCAGGGATATTTGA CCTTGAAGAATCCCACCCAGGTATCTTTGA CCTTGAAGAATCCCATCCAGGAATATTTGA CCTTGAAGAGTCCCACCCAGGAATCTTTGA	500	3	0.9550345656747821	GCAGCAACTGCATTAGCCAACACCATAGAA GCTGCAACTGCATTAGCTAATACTATAGAG GCTGCAACTGCTTTGGCCAACACTATAGAG	3	0.9802224226029456	ATGGAAGTCGTTCAGCAAACAAGAGTGG CTGCCTTGAAACAATGGAAGCCGTTCAA GAAATTGTCCAACAAACAAGGGTGGATA	{416} {403} {419}
6.48667901698314	324	530	206	324	4	0.9552750225428314	GCGGATATGCACAAACAGATTGCGTGTTGG GTGGATATGCACAAACAGACTGTGTCCTGG GTGGATATGCACAAACGGACTGTGTCCTTG GTGGGTATGCACAAACAGACTGTGTTCTAG	500	3	0.9550345656747821	GCAGCAACTGCATTAGCCAACACCATAGAA GCTGCAACTGCATTAGCTAATACTATAGAG GCTGCAACTGCTTTGGCCAACACTATAGAG	2	0.9902013826269913	GCCATGGCTTTCCTTGAAGAATCCCACC GCTATGGCCTTCCTTGAAGAATCCCACC	{356} {356}
6.539216028494806	458	690	232	458	4	0.9503456567478209	GGCCGTCAGACCTATGATTGGACATTAAAC GGTCGCCAGACATATGATTGGACATTAAAT GGTCGCCAGACCTATGACTGGACATTGAAT GGTCGCCAGACTTATGATTGGACATTAAAC	660	3	0.9665163811241358	GAGACAACATGACCAAGAAGATGGTCACGC GAGATAACATGACCAAAAAGATGGTCACAC GGGACAACATGACCAAGAAAATGGTCACAC	2	0.9630297565374211	CTGCATTAGCCAACACCATAGAAGTCTT CTGCATTAGCTAATACTATAGAGGTCTT	{507} {507}
6.542922044777588	1102	1336	234	1102	5	0.9534715960324617	CGCACCAATAATGTTCTCAAACAAAATGGC GGCACCCATAATGTTCTCAAATAAAATGGC GGCGCCCATAATGTTCTCAAACAAAATGGC TGCCCCTATAATGTTCTCAAACAAAATGGC TGCTCCTATAATGTTCTCAAACAAGATGGC	1306	2	0.9740306582506763	AATGATGATGGGCATGTTCAACATGCTAAG AATGATGATGGGCATGTTCAACATGCTGAG	2	0.9837090471896603	ACAAGGAAGAAAATTGAGAAAATAAGGC CGAACACAAATACCAGCAGAAATGCTTG	{1238} {1178}
