cost	target-start	target-end	target-length	left-primer-start	left-primer-num-primers	left-primer-frac-bound	left-primer-target-sequences	right-primer-start	right-primer-num-primers	right-primer-frac-bound	right-primer-target-sequences	num-guides	total-frac-bound-by-guides	guide-target-sequences	guide-target-sequence-positions
2.565364373321448	23601	23694	93	23601	1	1.0	GCAGGTATATGCGCTAGTTATCAGACTCAG	23664	1	1.0	AGTCAATCCATCATTGCCTACACTATGTCA	1	1.0	ACTAATTCTCCTCGGCGGGCACGTAGTG	{23631}
2.7726515990016813	23601	23724	123	23601	1	1.0	GCAGGTATATGCGCTAGTTATCAGACTCAG	23694	1	1.0	CTTGGTGCAGAAAATTCAGTTGCTTACTCT	1	1.0	ACTAATTCTCCTCGGCGGGCACGTAGTG	{23631}
2.7875643733214486	3331	3457	126	3331	1	1.0	CTCAATTAGAGATGGAACTTACACCAGTTG	3427	1	1.0	ATGCAGACATTGTGGAAGAAGCTAAAAAGG	1	1.0	TTCAGACTATTGAAGTGAATAGTTTTAG	{3361}
2.8285435130281846	3214	3349	135	3214	1	1.0	CTGAAGAAGAGCAAGAAGAAGATTGGTTAG	3319	1	1.0	TTGAGGTTCAACCTCAATTAGAGATGGAAC	1	1.0	CTGTTGGTCAACAAGACGGCAGTGAGGA	{3262}
2.9142885273623995	22218	22376	158	22218	1	1.0	CACACGCCTATTAATTTAGTGCGTGATCTC	22346	1	1.0	GACTCCTGGTGATTCTTCTTCAGGTTGGAC	1	1.0	CCTCAGGGTTTTTGGGCTTTAGAACCAT	{22248}
2.9999	22218	22406	188	22218	1	1.0	CACACGCCTATTAATTTAGTGCGTGATCTC	22376	1	1.0	AGCTGGTGCTGCAGCTTATTATGTGGGTTA	1	1.0	CCTCAGGGTTTTTGGGCTTTAGAACCAT	{22248}
2.9999	23601	23789	188	23601	1	1.0	GCAGGTATATGCGCTAGTTATCAGACTCAG	23759	1	1.0	TAGTGTTACCACAGAAATTCTACCAGTGTC	1	1.0	ACTAATTCTCCTCGGCGGGCACGTAGTG	{23631}
3.0376573353204814	3331	3535	204	3331	1	1.0	CTCAATTAGAGATGGAACTTACACCAGTTG	3505	1	1.0	GAGGAGGTGTTGCAGGAGCCTTAAATAAGG	1	1.0	TTCAGACTATTGAAGTGAATAGTTTTAG	{3361}
3.0507435130281846	3281	3491	210	3281	1	1.0	CAGTGAGGACAATCAGACAACTACTATTCA	3461	1	1.0	ACCAACAGTGGTTGTTAATGCAGCCAATGT	1	1.0	CACCAGTTGTTCAGACTATTGAAGTGAA	{3352}
3.098322044777587	3331	3565	234	3331	1	1.0	CTCAATTAGAGATGGAACTTACACCAGTTG	3535	1	1.0	CTACTAACAATGCCATGCAAGTTGAATCTG	1	1.0	TTCAGACTATTGAAGTGAATAGTTTTAG	{3361}
3.1074038657081178	22130	22369	239	22130	1	1.0	GGACCTTGAAGGAAAACAGGGTAATTTCAA	22339	1	1.0	GTTATTTGACTCCTGGTGATTCTTCTTCAG	1	1.0	GTGCGTGATCTCCCTCAGGGTTTTTGGG	{22236}
3.1091897580044536	3281	3521	240	3281	1	1.0	CAGTGAGGACAATCAGACAACTACTATTCA	3491	1	1.0	TTACCTTAAACATGGAGGAGGTGTTGCAGG	1	1.0	CACCAGTTGTTCAGACTATTGAAGTGAA	{3352}
3.1144885040667143	3214	3457	243	3214	1	1.0	CTGAAGAAGAGCAAGAAGAAGATTGGTTAG	3427	1	1.0	ATGCAGACATTGTGGAAGAAGCTAAAAAGG	1	1.0	CTGTTGGTCAACAAGACGGCAGTGAGGA	{3262}
3.123129642842771	23601	23849	248	23601	1	1.0	GCAGGTATATGCGCTAGTTATCAGACTCAG	23819	1	1.0	GTACATTTGTGGTGATTCAACTGAATGCAG	1	1.0	ACTAATTCTCCTCGGCGGGCACGTAGTG	{23631}
