cost	target-start	target-end	target-length	left-primer-start	left-primer-num-primers	left-primer-frac-bound	left-primer-target-sequences	right-primer-start	right-primer-num-primers	right-primer-frac-bound	right-primer-target-sequences	num-guides	total-frac-bound-by-guides	guide-target-sequences	guide-target-sequence-positions
2.6270324226839716	24491	24591	100	24491	1	1.0	AGTTATCAGACTCAGACTAATTCTCCTCGG	24561	1	1.0	CTATGTCACTTGGTGCAGAAAATTCAGTTG	1	1.0	CGGGCACGTAGTGTAGCTAGTCAATCCA	{24521}
2.7623098364064735	3590	3711	121	3590	1	1.0	TTAGAGATGGAACTTACACCAGTTGTTCAG	3681	1	1.0	ATGCAGACATTGTGGAAGAAGCTAAAAAGG	1	1.0	ACTATTGAAGTGAATAGTTTTAGTGGTT	{3620}
2.8064266863651715	23844	23974	130	23844	1	0.9903737259343148	GGAAGTCTAATCTCAAACCTTTTGAGAGAG	23944	1	0.9903737259343148	TCCTTTACAATCATATGGTTTCCAACCCAC	1	0.9858437146092865	TTCAACTGAAATCTATCAGGCCGGTAGC	{23878}
2.8285435130281846	3468	3603	135	3468	1	1.0	CTGAAGAAGAGCAAGAAGAAGATTGGTTAG	3573	1	1.0	TTGAGGTTCAACCTCAATTAGAGATGGAAC	1	0.9994337485843715	CTGTTGGTCAACAAGACGGCAGTGAGGA	{3516}
2.9599437654486547	24491	24664	173	24491	1	1.0	AGTTATCAGACTCAGACTAATTCTCCTCGG	24634	1	1.0	TAGTGTTACCACAGAAATTCTACCAGTGTC	1	1.0	CGGGCACGTAGTGTAGCTAGTCAATCCA	{24521}
3.0286266863651714	3590	3790	200	3590	1	1.0	TTAGAGATGGAACTTACACCAGTTGTTCAG	3760	1	1.0	AGGAGGTGTTGCAGGAGCCTTAAATAAGGC	1	1.0	ACTATTGAAGTGAATAGTTTTAGTGGTT	{3620}
3.0464405378427526	23766	23974	208	23766	1	0.9966024915062288	GCTGCGTTATAGCTTGGAATTCTAACAATC	23944	1	0.9903737259343148	TCCTTTACAATCATATGGTTTCCAACCCAC	1	0.9858437146092865	TTCAACTGAAATCTATCAGGCCGGTAGC	{23878}
3.0507435130281846	3535	3745	210	3535	1	1.0	CAGTGAGGACAATCAGACAACTACTATTCA	3715	1	1.0	ACCAACAGTGGTTGTTAATGCAGCCAATGT	1	1.0	CACCAGTTGTTCAGACTATTGAAGTGAA	{3606}
3.069422592664184	23844	24063	219	23844	1	0.9903737259343148	GGAAGTCTAATCTCAAACCTTTTGAGAGAG	24033	1	0.9909399773499433	CACCAGCAACTGTTTGTGGACCTAAAAAGT	1	0.9858437146092865	TTCAACTGAAATCTATCAGGCCGGTAGC	{23878}
3.0946160284948063	3590	3822	232	3590	1	1.0	TTAGAGATGGAACTTACACCAGTTGTTCAG	3792	1	1.0	CTAACAATGCCATGCAAGTTGAATCTGATG	1	1.0	ACTATTGAAGTGAATAGTTTTAGTGGTT	{3620}
3.09647439218088	24491	24724	233	24491	1	1.0	AGTTATCAGACTCAGACTAATTCTCCTCGG	24694	1	1.0	GTACATTTGTGGTGATTCAACTGAATGCAG	1	1.0	CGGGCACGTAGTGTAGCTAGTCAATCCA	{24521}
3.1091897580044536	3535	3775	240	3535	1	1.0	CAGTGAGGACAATCAGACAACTACTATTCA	3745	1	1.0	TTACCTTAAACATGGAGGAGGTGTTGCAGG	1	1.0	CACCAGTTGTTCAGACTATTGAAGTGAA	{3606}
3.1144885040667143	3468	3711	243	3468	1	1.0	CTGAAGAAGAGCAAGAAGAAGATTGGTTAG	3681	1	1.0	ATGCAGACATTGTGGAAGAAGCTAAAAAGG	1	0.9994337485843715	CTGTTGGTCAACAAGACGGCAGTGAGGA	{3516}
