cost	target-start	target-end	target-length	left-primer-start	left-primer-num-primers	left-primer-frac-bound	left-primer-target-sequences	right-primer-start	right-primer-num-primers	right-primer-frac-bound	right-primer-target-sequences	num-guides	total-frac-bound-by-guides	guide-target-sequences	guide-target-sequence-positions
3.4425897580044538	11856	11961	105	11856	1	1.0	CTATATGCCTGCTAGTTGGGTGATGCGTAT	11931	2	0.9994366197183099	ACTTAAGGACTGTATCATGTATGCATCAGC GCTAAAAGACTGTGTTATGTATGCATCAGC	2	0.9994366197183099	GACTTGGTTGGACATGGTTGATACCAGC TGGTTGGATATGGTTGATACTAGTTTGT	{11889} {11893}
3.4763648453679434	5989	6099	110	5989	2	0.9994366197183099	GTCACCTTTTGTTATGATGTCAGCACCACC GTCATCTTTTGTTATGATGTCTGCACCACC	6069	1	0.9994366197183099	CTGGTAATTACCAGTGTGGTCACTATAAAC	2	0.9994366197183099	AACTTAAGCATGGTACATTTACTTGTGC TGGTACTTTCTTGTGTGCTAGTGAGTAT	{6030} {6040}
3.4763648453679434	27901	28011	110	27901	2	0.9994366197183099	AATCGGAGCTGTGATCCTTCGTGGACATCT CATCGGTGCTGTGATCCTCAGAGGACACCT	27981	1	1.0	AAGAAATCACTGTTGCTACATCACGAACGC	2	0.9994366197183099	TCGCATTGCTGGACATCATCTAGGACGC TCGTATTGCAGGACACCATCTGGGACGC	{27931} {27931}
3.5642010878282044	7769	7922	153	7769	2	0.9994366197183099	GAAAAGTTATGTGCATGTTGTAGACGGTTG GAAGAGCTATATACATGTTGTTGACGGTTG	7892	1	1.0	TGTCTATGCTAATGGAGGTAAAGGCTTTTG	1	1.0	GTATGATGTGTTATAAACGTAATAGAGC	{7813}
3.627032422683972	27901	28041	140	27901	2	0.9994366197183099	AATCGGAGCTGTGATCCTTCGTGGACATCT CATCGGTGCTGTGATCCTCAGAGGACACCT	28011	1	1.0	TTTCTTATTACAAATTGGGAGCTTCGCAGC	2	0.9994366197183099	TCGCATTGCTGGACATCATCTAGGACGC TCGTATTGCAGGACACCATCTGGGACGC	{27931} {27931}
3.661551599001681	27411	27534	123	27411	1	0.9994366197183099	AGAGTTCCTGATCTTCTGGTCTAAACGAAC	27504	2	0.9994366197183099	CCATTACCGTTGAAGAGCTTAAAAAGCTCT CTATTACCGTTGAAGAGCTTAAAAAGCTCC	3	1.0	ATTAGTTTTTCTGTTTGGAACTTTAATT TAATTTTAGCCATGTCAGCTGACAACGG TTGGAACTTTAATTTTAGCCATGGCAGA	{27451} {27474} {27465}
3.695326686365171	27510	27710	200	27510	2	0.9994366197183099	CCGTTGAAGAGCTTAAAAAGCTCCTTGAAC CCGTTGAAGAGCTTAAAAAGCTCTTAGAAC	27680	1	0.9994366197183099	GTGCTTGCTGCTGTTTACAGAATAAATTGG	1	1.0	CATGGATTTGTCTTCTACAATTTGCCTA	{27573}
3.698564845367944	5939	6099	160	5939	2	0.9994366197183099	ATACCTTGTACGTGTGGTAAACAAGCTACA GTACCGTGTGTTTGTGGAAGACAAGCTACA	6069	1	0.9994366197183099	CTGGTAATTACCAGTGTGGTCACTATAAAC	2	0.9994366197183099	AACTTAAGCATGGTACATTTACTTGTGC TGGTACTTTCTTGTGTGCTAGTGAGTAT	{6030} {6040}
3.7291181283451795	26300	26470	170	26300	2	0.9994366197183099	CGACTCTGAGCCAGTGCTCAAAGGAGTCAA CGATTCAGAACCTGTTCTGAAAGGAGTCAA	26440	1	0.9994366197183099	TTCGCGCTACTGCAACGATACCGATACAAG	2	0.9988732394366198	AGAATTTTTAATCTTGGATCTGTAACAT GAACTGTAACTTTGAAGCAAGGTGAAAT	{26370} {26386}
3.7801946961550468	27802	27991	189	27802	2	0.9994366197183099	GCGTTCCATGTGGTCATTCAATCCAGAAAC GCGTTCCATGTGGTCATTTAACCCAGAAAC	27961	1	1.0	TGACATCAAGGACCTGCCTAAAGAAATCAC	2	0.9994366197183099	TTCGCATTGCTGGACATCATCTAGGACG TTCGTATTGCAGGACACCATCTGGGACG	{27930} {27930}
3.7932219161711367	27411	27661	250	27411	1	0.9994366197183099	AGAGTTCCTGATCTTCTGGTCTAAACGAAC	27631	2	1.0	TAAGTTAATTTTCCTCTGGCTACTTTGGCC TAAGTTAATTTTCCTCTGGCTGTTATGGCC	1	1.0	CATGGATTTGTCTTCTACAATTTGCCTA	{27573}
3.7994827288338286	27329	27526	197	27329	1	0.9994366197183099	GTACTGCTGCAATATTGTTAACGTGAGTCT	27496	2	0.9994366197183099	CAACGGTACTATTACCGTTGAAGAGCTTAA CAACGGTACTATTACCGTTGAGGAACTTAA	2	1.0	AAATCTGAATTCTTCTAGAGTTCCTTAT TGTAAAACCTTCTTTTTACGTTTACTCT	{27395} {27359}
3.7999006335339796	27018	27175	157	27018	2	0.9994366197183099	GACACTGGTGTTGAACATGTTACCTTCTTC GATACTGGTGTTGAACATACTACCTTCTTC	27145	1	1.0	ATGATGAACCGACGACGACTACTAGCGTGC	3	1.0	GAGCCTGAAGAACATGTCCAAATTCACA GAGCCTGAAGAACATGTTCAAATTCACA TACAGTAGAATTGTGGATGAACCAGAAG	{27069} {27069} {27051}
3.8198790169831396	5882	6088	206	5882	2	0.9994366197183099	GAAGCTGTTATGTACATGGGCACACTTTCT GAGGCTGTAATGTATATGGGTACACTTTCT	6058	1	0.9994366197183099	TAGTGAGTACACTGGTAATTACCAGTGTGG	2	0.9994366197183099	AACTTAAGCATGGTACATTTACTTGTGC TGAACAACTTAAGAGAGGTGTAACTGTA	{6030} {5914}
3.824240537842752	27411	27619	208	27411	1	0.9994366197183099	AGAGTTCCTGATCTTCTGGTCTAAACGAAC	27589	2	1.0	ACAATTTGCCTATGCCAACAGGAATAGGTT ACAGTTCGCCTATGCTAACAGGAATAGGTT	2	1.0	TAAATATTATATTAGTTTTTCTGTTTGG TCCTATTCCTTACATGGATTTGTCTTCT	{27441} {27561}
3.849232422683972	27802	28022	220	27802	2	0.9994366197183099	GCGTTCCATGTGGTCATTCAATCCAGAAAC GCGTTCCATGTGGTCATTTAACCCAGAAAC	27992	1	1.0	GTTGCTACATCACGAACGCTTTCTTATTAC	2	0.9994366197183099	TTCGCATTGCTGGACATCATCTAGGACG TTCGTATTGCAGGACACCATCTGGGACG	{27930} {27930}
3.8512297303170677	26249	26470	221	26249	2	0.9994366197183099	TTGCCTCAAGGGTTGTTGCTCTTGCGGTTC TTGTCTCAAGGGCTGTTGTTCTTGTGGATC	26440	1	0.9994366197183099	TTCGCGCTACTGCAACGATACCGATACAAG	2	0.9988732394366198	AGAATTTTTAATCTTGGATCTGTAACAT GAACTGTAACTTTGAAGCAAGGTGAAAT	{26370} {26386}
3.868666666009797	27901	28131	230	27901	2	0.9994366197183099	AATCGGAGCTGTGATCCTTCGTGGACATCT CATCGGTGCTGTGATCCTCAGAGGACACCT	28101	1	1.0	TAAACACAGACCATTCCAGTAGCAGTGACA	2	1.0	TCGCATTGCTGGACATCATCTAGGACGC TGCATACAGTCGCTACAGGATTGGTAAT	{27931} {28066}
3.8852038657081174	8272	8511	239	8272	1	0.9994366197183099	GTCAGCTTATGTGTCAACCTATACTGTTAC	8481	2	0.9994366197183099	ACATTTATCTCAGCAGCTCGTCAAGGGTTT ACTTTTATTTCAGCAGCTCGGCAAGGGTTT	2	0.9994366197183099	ACCAGGCGTTAGTGTCTGATGTTGGTGA CAGAAGCTGAACTTGCAAAGAATGTGTT	{8305} {8434}
3.8862857374007747	27018	27205	187	27018	2	0.9994366197183099	GACACTGGTGTTGAACATGTTACCTTCTTC GATACTGGTGTTGAACATACTACCTTCTTC	27175	1	1.0	CTTTGTAAGCACAAGCTGATGAGTACGAAC	3	1.0	GAGCCTGAAGAACATGTCCAAATTCACA GAGCCTGAAGAACATGTTCAAATTCACA TACAGTAGAATTGTGGATGAACCAGAAG	{27069} {27069} {27051}
3.8940354666358683	5839	6083	244	5839	2	0.9994366197183099	GTGTAAAACTTGTGGACAACAGCAGACAAC GTGTAAAACTTGTGGACAGCAACAAACTAC	6053	1	0.9994366197183099	TGTGCTAGTGAGTACACTGGTAATTACCAG	2	1.0	CTTTCTTATGAACAATTTAAGAAGGGTG GTACACTTTCTTATGAACAACTTAAGAG	{5906} {5901}
3.9129141342961087	6069	6267	198	6069	1	0.9994366197183099	CTGGTAATTACCAGTGTGGTCACTATAAAC	6237	2	1.0	TAGACGGTGTTGTGTGTACAGAAATTGATC TGGATGGTGTTGTTTGTACAGAAATTGACC	3	0.9994366197183099	GATGGTGCATTGCTCAGCAAAACCTCAG TTGTATTGCATAGACGGTGCTTTACTTA TTGTATTGCATAGATGGCGCTTTACTTA	{6131} {6119} {6119}
3.9542647304037195	27018	27235	217	27018	2	0.9994366197183099	GACACTGGTGTTGAACATGTTACCTTCTTC GATACTGGTGTTGAACATACTACCTTCTTC	27205	1	1.0	TTATGTACTCATTCGTTTCGGAAGAGACAG	3	1.0	GAGCCTGAAGAACATGTCCAAATTCACA GAGCCTGAAGAACATGTTCAAATTCACA TACAGTAGAATTGTGGATGAACCAGAAG	{27069} {27069} {27051}
3.958322592664184	26305	26524	219	26305	2	1.0	CAGAACCTGTTCTGAAAGGAGTCAAATTAC CTGAGCCAGTGCTCAAAGGAGTCAAATTAC	26494	1	0.9994366197183099	TTGTTGGCGTTGCACTTCTTGCTGTTTTTC	3	1.0	AAGATGCTACTCCTTCAGATTCTATTCG GAACTGTAACTTTGAAGCAAGGTGAAAT GAATTTTCACTCTTGGAACTGTTACTCT	{26416} {26386} {26371}
4.227170128054922	27859	27984	125	27859	3	0.9994366197183099	TGGCACAATTCTGACCAGGCCGCTTCTAGA TGGCACTATTCTGACCAGACCGCTTCTAGA TGGTACAATTTTGACCAGACCACTCCTAGA	27954	1	1.0	GACGCTGTGACATCAAGGACCTGCCTAAAG	2	0.9994366197183099	CTTCGTGGACATCTTCGTATTGCTGGAC GTGCTGTGATCCTCAGAGGACACCTTCG	{27917} {27906}
4.227435466635868	5753	5859	106	5753	2	1.0	GGTGAGCTAGGTGATGTAAGAGAAACAATG GGTGAGTTAGGTGATGTTAGAGAAACAATG	5829	2	0.9994366197183099	TAAATGTGGTGTGTAAAACTTGTGGACAGC TGAACGTGGTGTGTAAAACTTGTGGACAAC	3	1.0	AGTCATTTGTTTCAACATGCCAACTTGG AGTTACTTGTTTCAACATGCCAATTTAG GCCAATTTAGATTCTTGCAAAAGAGTCT	{5783} {5783} {5801}
4.236885018119717	5839	5966	127	5839	2	0.9994366197183099	GTGTAAAACTTGTGGACAACAGCAGACAAC GTGTAAAACTTGTGGACAGCAACAAACTAC	5936	2	0.9994366197183099	ACTGTACCGTGTGTTTGTGGAAGACAAGCT CAGATACCTTGTACGTGTGGTAAACAAGCT	2	1.0	CTTTCTTATGAACAATTTAAGAAGGGTG GTACACTTTCTTATGAACAACTTAAGAG	{5906} {5901}
4.348821916171136	27859	28014	155	27859	3	0.9994366197183099	TGGCACAATTCTGACCAGGCCGCTTCTAGA TGGCACTATTCTGACCAGACCGCTTCTAGA TGGTACAATTTTGACCAGACCACTCCTAGA	27984	1	1.0	AAATCACTGTTGCTACATCACGAACGCTTT	2	0.9994366197183099	TTCGCATTGCTGGACATCATCTAGGACG TTCGTATTGCAGGACACCATCTGGGACG	{27930} {27930}
4.415595040691432	5839	6016	177	5839	2	0.9994366197183099	GTGTAAAACTTGTGGACAACAGCAGACAAC GTGTAAAACTTGTGGACAGCAACAAACTAC	5986	2	0.9994366197183099	AGAGTCATCTTTTGTTATGATGTCTGCACC GGAGTCACCTTTTGTTATGATGTCAGCACC	2	1.0	CTTTCTTATGAACAATTTAAGAAGGGTG GTACACTTTCTTATGAACAACTTAAGAG	{5906} {5901}
4.435385705661208	28175	28411	236	28175	1	0.9994366197183099	CGTTGACTTTCAGGTTACTATAGCAGAGAT	28381	3	0.9994366197183099	TAGTTACTTTTGCTACATGCGAACGTTACC TGATAACACTCGCTACTTGTGAGCTTTATC TGATAACACTTGTTACTGGCGAGCTTTACC	1	0.9994366197183099	TGAAGAGCAACCAATGGAGATTGATTAA	{28322}
4.436797268051916	27859	28044	185	27859	3	0.9994366197183099	TGGCACAATTCTGACCAGGCCGCTTCTAGA TGGCACTATTCTGACCAGACCGCTTCTAGA TGGTACAATTTTGACCAGACCACTCCTAGA	28014	1	1.0	CTTATTACAAATTGGGAGCTTCGCAGCGTG	2	0.9994366197183099	TTCGCATTGCTGGACATCATCTAGGACG TTCGTATTGCAGGACACCATCTGGGACG	{27930} {27930}
4.449370128054922	1812	2002	190	1812	2	0.9994366197183099	AGTGTGCCTATTGGGTGCCTCGTGCTGCTG AGTGTGCCTATTGGGTTCCACGTGCTAGCG	1972	2	0.9994366197183099	GATCGCCATAATCTTGGCATCTTTTTCTGC GATCGCCATTATTTTGGCATCTTTTTCTGC	2	0.9994366197183099	ATACAGGTGTTGTTGGAGAAGGTTCCGA TAGGATGTAACCACACAGGAGTTGTGGG	{1860} {1848}
4.454264373321448	27901	28093	192	27901	2	0.9994366197183099	AATCGGAGCTGTGATCCTTCGTGGACATCT CATCGGTGCTGTGATCCTCAGAGGACACCT	28063	2	0.9994366197183099	TGCTGCATACAGTCGCTACAGGATTGGCAA TGCTGCATACAGTCGCTATCGGATTGGCAA	2	0.9994366197183099	TCGCATTGCTGGACATCATCTAGGACGC TCGTATTGCAGGACACCATCTGGGACGC	{27931} {27931}
4.4731430409816895	5753	5912	159	5753	2	1.0	GGTGAGCTAGGTGATGTAAGAGAAACAATG GGTGAGTTAGGTGATGTTAGAGAAACAATG	5882	2	0.9994366197183099	GAAGCTGTTATGTACATGGGCACACTTTCT GAGGCTGTAATGTATATGGGTACACTTTCT	3	1.0	AGTCATTTGTTTCAACATGCCAACTTGG AGTTACTTGTTTCAACATGCCAATTTAG GCCAATTTAGATTCTTGCAAAAGAGTCT	{5783} {5783} {5801}
4.477673809953941	8309	8511	202	8309	2	0.9994366197183099	GGCATTAGTGTCTGATGTTGGTGATAGTGC GGCGTTAGTGTCTGATGTTGGTGACAGTGC	8481	2	0.9994366197183099	ACATTTATCTCAGCAGCTCGTCAAGGGTTT ACTTTTATTTCAGCAGCTCGGCAAGGGTTT	2	0.9994366197183099	CAGAAGCTGAACTTGCAAAGAATGTGTT CGTGCCTATGGATAAGTTAAAAACTCTC	{8434} {8396}
4.490940537842753	5882	6016	134	5882	2	0.9994366197183099	GAAGCTGTTATGTACATGGGCACACTTTCT GAGGCTGTAATGTATATGGGTACACTTTCT	5986	2	0.9994366197183099	AGAGTCATCTTTTGTTATGATGTCTGCACC GGAGTCACCTTTTGTTATGATGTCAGCACC	4	1.0	ACAATTTAAGAAAGGTGTTCAGATACCT TATGAACAACTTAAGAAGGGTGTGCAGA TGAACAACTTAAGAAAGGTGTCCAAGTA TGAACAACTTAAGAGAGGTGTAACTGTA	{5917} {5912} {5914} {5914}
4.501591578646307	5753	5966	213	5753	2	1.0	GGTGAGCTAGGTGATGTAAGAGAAACAATG GGTGAGTTAGGTGATGTTAGAGAAACAATG	5936	2	0.9994366197183099	ACTGTACCGTGTGTTTGTGGAAGACAAGCT CAGATACCTTGTACGTGTGGTAAACAAGCT	2	1.0	AGTCATTTGTTTCAACATGCCAACTTGG CAATTTAGATTCTTGCAAAAGAGTCTTG	{5783} {5803}
4.503679969342406	7837	8051	214	7837	2	1.0	GAGCAACAAGAGTCGAATGTACAACTATTG GAGCTACAAGGGTTGAATGCACAACCATTG	8021	2	0.9994366197183099	AAGACCAATAAATCCTACTGACCAGTCTTC GAGACCCATTAATCCTACAGACCAGTCATC	2	1.0	GTGTTAGAAGGTCCTTTTATGTCTATGC TGATGAAGTCGCAAGAGACTTGTCCCTA	{7873} {7985}
4.50691812834518	11862	12032	170	11862	1	1.0	GCCTGCTAGTTGGGTGATGCGTATTATGAC	12002	3	1.0	ATGATGGTGCTAGAAGAGTTTGGACACTTA ATGATGGTGCTAGGAGAGTGTGGACACTTA ATGATGGTGCTAGGCGTGTATGGACACTAA	3	1.0	ATACTTATGACAGCAAGAACTGTTTATG TGGTTAGACATGGTTGACACTAGTTTGT TGGTTGGATATGGTTGATACTAGTTTGT	{11974} {11893} {11893}
4.509864730403719	8235	8452	217	8235	2	0.9994366197183099	GAAGAATCATCTGCAAAATCAGCGTCTGTT GATGAATCATCAGCTAGAGCAGCTTCTGTT	8422	2	1.0	TAGTTGCAACTGCAGAAGCTGAACTTGCAA TCATTGCAACAGCTGAGACTGAACTTGCTA	2	0.9994366197183099	CCTATATTGTTACTTGACCAGGCGTTAG TATACTGTTACTAGATCAGGCATTAGTG	{8289} {8291}
4.535366666009797	27329	27559	230	27329	1	0.9994366197183099	GTACTGCTGCAATATTGTTAACGTGAGTCT	27529	3	0.9994366197183099	GCTCCTTGAACAATGGAACCTAGTAATAGG GCTCCTTGAACAGTGGAATCTAGTAATAGG GCTCTTAGAACAATGGAACCTAGTAATAGG	2	1.0	AAATCTGAATTCTTCTAGAGTTCCTTAT TGTAAAACCTTCTTTTTACGTTTACTCT	{27395} {27359}
4.546485705661207	2267	2503	236	2267	2	1.0	GACGGAATTTCACAGTACTCACTCAGATTG GATGGAATTTCACAGTATTCACTGAGACTC	2473	2	0.9994366197183099	AGAGTTTCTTAAGGACGGTTGGGAGATTGT AGAGTTTCTTAGAGACGGTTGGGAAATTGT	2	1.0	TGCTATGATGTTCACATCTGATTTGGCT TTTGGTACTGTGTATGAAAAATTGAAAC	{2302} {2405}
4.552985737400776	9291	9478	187	9291	3	0.9994366197183099	CTTGCCCATTGATTGCTGCAGTCATAACAA CTTGCCCATTGGTAGCAGCTGTTATCACAA CTTGTCCAATTGTGGCTGCCGTCATAACTC	9448	1	0.9994366197183099	TATAGAGTACACTGACTTTGCAACATCAGC	3	0.9994366197183099	GATGTAGGATTTGTAGTTCCTGGTTTAC GCCCGGTTTGCCTGGCACAATATTACGC TACCTAGAGTTTTTAGTGCAGTTGGTGA	{9323} {9340} {9396}
4.553689758004453	6737	6977	240	6737	1	0.9994366197183099	GTAGTGGAAAATCCTACCATACAGAAAGAC	6947	3	0.9994366197183099	AACCCTTGCTACTCATGGTTTAGCTGCTGT AACTTTAAAAACTCACGGTTTGGCTGCTGT AACTTTAGCCACTCATGGCTTGGCTGCTAT	2	1.0	ACCCAATGAATTATCAGTAATGTTGGGT ATGAATTATCTAGAGTATTAGGTTTGAA	{6914} {6919}
4.664789758004454	11862	12102	240	11862	1	1.0	GCCTGCTAGTTGGGTGATGCGTATTATGAC	12072	3	1.0	TGCTTTAGACCAAGCTATTTCCATGTGGGC TGCTTTAGATCAAGCAATTTCTATGTGGGC TGCTTTAGATCAAGCCATTTCCATGTGGGC	3	1.0	ATACTTATGACAGCAAGAACTGTTTATG TGGTTAGACATGGTTGACACTAGTTTGT TGGTTGGATATGGTTGATACTAGTTTGT	{11974} {11893} {11893}
4.668331969052151	26932	27174	242	26932	3	1.0	GGGAATCTGGAGTAAAAGACTGTGTTGTAT GGGAATCTGGTGTTAAAGACTGTGTTACAT GGGAGTCTGGTGTTAAGGACTGTGTTGTAT	27144	1	1.0	TATGATGAACCGACGACGACTACTAGCGTG	3	1.0	CAGCTGTACTCAACACAAGTGAGTACAG GAGCCTGAAGAACATGTCCAAATTCACA TTACTTTACATCAGAATGCTACCAGCTG	{26991} {27069} {26969}
4.669094696155047	29756	29945	189	29756	1	0.9994366197183099	AAGGGAGCAGAGGCGGCAGTCAAGCCTCTT	29915	3	0.9994366197183099	TGAACCAGCTTGAGAACAAAATATCTGGCA TGAACCAGCTTGAGAGCAAAATGTCTGGTA TGAATGCACTTGAGAGCAAAATGTCTGGTA	4	0.9994366197183099	ATGGTGGTGATGCTGCCCTTGCTTTGCT GCTCTTGCTTTGCTGCTGCTTGACAGGT GGCGGTGACACTGCTCTTGCTTTGCTGC GGTGATGCTGCTCTTGCTTTGCTGCTGC	{29873} {29887} {29875} {29878}
4.675301087828205	27729	27975	246	27729	3	0.9994366197183099	TCGCAATGGCTTGTCTTGTAGGCTTGATGT TTGCAATGGCCTGTCTTGTAGGCTTGATGT TTGCAATGGCTTGTCTTGTGGGCTTGATGT	27945	1	1.0	ACCATCTAGGACGCTGTGACATCAAGGACC	3	1.0	ACATTTTGTTGAATGTGCCGCTCCACGG CTTCGTGGACATCTTCGTATTGCTGGAC TCATTCAGGCTTTTTGCGCGTACGCGTT	{27834} {27917} {27779}
4.695426686365171	5871	5966	95	5871	3	0.9994366197183099	TAAAGGGTGTAGAGGCTGTAATGTATATGG TCAAGGGTGTAGAAGCTGTTATGTATATGG TTAAGGGTGTAGAAGCTGTTATGTACATGG	5936	2	0.9994366197183099	ACTGTACCGTGTGTTTGTGGAAGACAAGCT CAGATACCTTGTACGTGTGGTAAACAAGCT	2	1.0	CTTTCTTATGAACAATTTAAGAAGGGTG GTACACTTTCTTATGAACAACTTAAGAG	{5906} {5901}
4.789983757168365	8270	8463	193	8270	2	0.9994366197183099	CAGTCAGCTTATGTGTCAACCTATACTGTT CAGTCAGCTTATGTGTCAGCCTATACTACT	8433	2	0.9994366197183099	GCAGAAGCTGAACTTGCAAAGAATGTGTCC GCTGAGACTGAACTTGCTAAGAATGTGTCT	5	1.0	ACCAGGCGTTAGTGTCTGATGTTGGTGA ATCAGGCATTAGTGTCTGATGTTGGTGA ATCAGGCATTAGTGTCTGCTGTTGGTGA GACCAGGCATTAGTGTCTGATGTTGGTG GATCAGGCATTAGTGTCTGATGTTGGTG	{8305} {8305} {8305} {8304} {8304}
4.815557335320483	27529	27661	132	27529	3	0.9994366197183099	GCTCCTTGAACAATGGAACCTAGTAATAGG GCTCCTTGAACAGTGGAATCTAGTAATAGG GCTCTTAGAACAATGGAACCTAGTAATAGG	27631	2	1.0	TAAGTTAATTTTCCTCTGGCTACTTTGGCC TAAGTTAATTTTCCTCTGGCTGTTATGGCC	1	1.0	CATGGATTTGTCTTCTACAATTTGCCTA	{27573}
4.840318128345179	28803	28918	115	28803	2	0.9994366197183099	GGTTCTCACTTGAACTGCAAGATCATAATG GGTTTGCTTTGACACTCCAAGATGATGATG	28888	3	0.9994366197183099	AACAGTAACTGCATTCCATCAGGAATGTAG AACAGTACACACATTCCATCAGGAATGTAG AACTGTAGCTGCATTTCACCAAGAATGTAG	2	1.0	AATTTCTTGTTTTACTTGGAATACTAAC ACATGAAATTTCTTGTTTTCTTAGGAAT	{28860} {28854}
4.846094263681199	8235	8351	116	8235	2	0.9994366197183099	GAAGAATCATCTGCAAAATCAGCGTCTGTT GATGAATCATCAGCTAGAGCAGCTTCTGTT	8321	3	0.9994366197183099	TGATGTTGGTGACAGTACAGAAGTTGCAGT TGATGTTGGTGACAGTGCAGAAGTAGCTGT TGATGTTGGTGATAGTGCGGAAGTTGCAGT	2	0.9994366197183099	CCTATATTGTTACTTGACCAGGCGTTAG TATACTGTTACTAGATCAGGCATTAGTG	{8289} {8291}
4.862823285568202	2441	2560	119	2441	3	0.9994366197183099	GACTGGCTTGAAGAGAAGTTCAAGGAAGGG GATTGGCTCGAAGAGAAATTCAAGGAAGGT GATTGGCTTGAAGAGAAGTTTAAGGAAGGT	2530	2	0.9994366197183099	AATCATTGGTGGACAGCTTGTAGCATTCAC AATTGTCGGTGGACAAATTGTCACCTGTGC	2	0.9994366197183099	GGGAGATTGTAAAATTCATCACAACCTG TTAAATTTATCTCAACCTGTGCTTGTGA	{2493} {2502}
4.894135466635869	2537	2643	106	2537	2	0.9994366197183099	GGTGGACAAATTGTCACCTGTGCAAAGGAA GGTGGACAGCTTGTAGCATTCACCACTGAA	2613	3	0.9994366197183099	TGGCTTTATGTGCTGACTCCATCATCATTG TGGCTTTGTGTGCTGACTCTATCATTATTG TTGCTCTTTGTGCTGATTCCATCGTCATTG	3	0.9994366197183099	AAGAAAGTGTCCAAACATTCTTTAAGCT AGGAGAGTGTTCAGACATTCTTTAAGCT GACAGTGTGAAGAAATTTTTCAAACTGG	{2571} {2571} {2573}
4.983616028494806	11815	11961	146	11815	3	0.9994366197183099	CTGTTACCTTCCTTAGCTACTGTAGCTTAC CTGTTACCTTCTCTTGCTACTGTAGCTTAT TTGTTACCTTCTCTTGCCACTGTAGCTTAT	11931	2	0.9994366197183099	ACTTAAGGACTGTATCATGTATGCATCAGC GCTAAAAGACTGTGTTATGTATGCATCAGC	2	0.9994366197183099	GACTTGGTTGGACATGGTTGATACCAGC TGGTTGGATATGGTTGATACTAGTTTGT	{11889} {11893}
4.990985705661207	8499	8647	148	8499	2	1.0	CGGCAAGGGTTTGTTGATTCAGATGTAGAA CGTCAAGGGTTTGTTGATTCTGATGTTGAT	8617	3	0.9994366197183099	ATAACAAAGTGGAAAACATGACGCCTAGAG ATAACAAAGTTGAAAACATGACACCCCGTG ATAACAAAGTTGAAAACATGACACCTCGGG	2	1.0	AATTGTCACACCAATCTGACATTGAAGT GGACGTTGTGGAATGTCTAAAAATTTCT	{8554} {8534}
5.000000000000001	3247	3371	124	3247	2	0.9994366197183099	AGACGAGTGGGGTGTTGCAACCTATTACTT AGATGAGTGGAGTATGGCTACATACTACTT	3341	3	0.9994366197183099	GAAGATGAAGGGGAAGATGATTGTGAAGAA GAGGATGAAGAAGAAGGTGATTGTGAAGAA GAGGATTATGAAGAAGAATACAGCGAAGAG	3	0.9994366197183099	GGTGAGTATACTTTGTCTTCACGTATGT GTTTGATGAGTCCGGTGAATTTAAATTG TGGTGAGTTTAAATTGGCTTCACATATG	{3290} {3277} {3289}
5.008701087828205	26892	27045	153	26892	3	0.9994366197183099	ACAGACCATGACTACCAAATTGGTGGTTAT TCTGAACATGACTACCAGATTGGTGGTTAT TCTGAGGACGACTACCAAATTGGTGGTTAC	27015	2	0.9994366197183099	ACAGACACTGGTGTTGAACATGTTACCTTC ACAGATACTGGTGTTGAACATACTACCTTC	2	1.0	CGGAAAAGTGGGAATCTGGTGTTAAAGA GGAATCTGGAGTAAAAGACTGTGTTGTA	{26923} {26933}
5.014685018119717	1144	1271	127	1144	3	0.9994366197183099	CCCTCTTGAGTGCATCAAAGACTTATTAGC CCCTCTTGAGTGCATTAAAGACCTTCTAGC CCCTCTTGAGTGCATTAAAGACTTGCTGGC	1241	2	0.9994366197183099	TACTGCTGCCGTGAACATGAGCATGAAATT TACTGCTGCCGTGAGCATGACCATGAAATT	3	0.9994366197183099	ACGTGCTGGTAAAGCTTCATGCACTTTG CTGGAAAGTCTTCTTGCTCTTTGTCCGA TAAGGCTTCTTATGCTTTGTCTGAACAA	{1174} {1179} {1183}
5.015521916171137	11436	11591	155	11436	2	0.9994366197183099	AGGACCACTATCAGCTCAAACTGGTATTGC AGGACCTCTTTCTGCTCAAACTGGAATTGC	11561	3	1.0	CACCATTTGACGTTGTTAGACAATGTTCAG CACCTTTCGATGTTGTTAGACAATGTTCAG CACCTTTTGATGTTGTTAGACAATGCTCAG	2	1.0	TCATTAAAGGAATTGCTCCAAAATGGTG TGGACGTACCATATTGGGTAGTGCTTTA	{11485} {11517}
5.025488527362399	8434	8592	158	8434	2	0.9994366197183099	CAGAAGCTGAACTTGCAAAGAATGTGTCCT CTGAGACTGAACTTGCTAAGAATGTGTCTT	8562	3	0.9994366197183099	CACCAATCTGACATAGAAGTTACAGGTGAC CATCAATCAGACATTGAAGTTACAGGTGAC CATCAATCTGACATAGAAGTTACTGGCGAT	2	0.9994366197183099	ACTTTTATTTCAGCAGCTCGGCAAGGGT GGACGTTGTGGAATGTCTAAAAATTTCT	{8481} {8534}
5.038312910986066	2158	2320	162	2158	3	0.9994366197183099	TGCATTTCCCTCAGAAGCTGCTCGTGTGGT TGCATTTGCATCAGAGGCTGCTCGTGTTGT TGCGTTCCCTTCAGATGCTGCTCATGTTGT	2290	2	1.0	CAGATTGATTGATGCTATGTTGTTCACGTC GAGACTCATTGATGCTATGATGTTCACATC	2	0.9994366197183099	ATACTAGATGGAATTTCACAGTATTCAC CTTGAAACTGCTCAACACTCTGTGCGTG	{2261} {2210}
5.04453770537095	2537	2701	164	2537	2	0.9994366197183099	GGTGGACAAATTGTCACCTGTGCAAAGGAA GGTGGACAGCTTGTAGCATTCACCACTGAA	2671	3	0.9994366197183099	AGGTGAAACATTTGTCACGCACTCAAAGGG GGGAGAAACCTTTGTCGCACACTCCAGAGG GGGTGAAACATTTATTGCACACTCAAAAGG	2	0.9994366197183099	GACAGTGTGAAGAAATTTTTCAAACTGG TCATTATTGGTGGAGCTAAACTTAAAGC	{2573} {2634}
5.047605354025412	28750	28915	165	28750	2	0.9994366197183099	GTGCTCTTTAGCCTTTCTGCTATTCCTTGT GTGCTTTTTAGCCTTTCTGCTATTCCTTGT	28885	3	0.9994366197183099	AACAACAGTACACACATTCCATCAGGAATG CACAACTGTAGCTGCATTTCACCAAGAATG TACAACAGTAACTGCATTCCATCAGGAATG	2	1.0	ACATGAAATTTCTTGTTTTCTTAGGAAT TATGCTCATGATATTTTGGTTTGCTTTG	{28854} {28786}
5.047605354025412	28803	28968	165	28803	2	0.9994366197183099	GGTTCTCACTTGAACTGCAAGATCATAATG GGTTTGCTTTGACACTCCAAGATGATGATG	28938	3	0.9994366197183099	ATCAACCATATGTAGTTGATGACCCGTGTC ATCAACCCTATGTAGTTGATGACCCTTGTC ATTCACCTTATGTAGTTGATGATCCATGCC	2	1.0	AATTTCTTGTTTTACTTGGAATACTAAC ACATGAAATTTCTTGTTTTCTTAGGAAT	{28860} {28854}
5.059279969342407	2366	2503	137	2366	3	0.9994366197183099	GGTGTTGTACAAATGACTACACAATGGCTT GGTGTTGTACAAATGACTTCACAGTGGCTA GGTGTTGTTCAGTTGACTTCGCAGTGGCTA	2473	2	0.9994366197183099	AGAGTTTCTTAAGGACGGTTGGGAGATTGT AGAGTTTCTTAGAGACGGTTGGGAAATTGT	3	0.9994366197183099	CGGTTCTTGATTGGCTCGAAGAGAAATT CTTGATTGGCTTGAAGAGAAGTTTAAGG TTTGGTACTGTGTATGAAAAATTGAAAC	{2433} {2438} {2405}
5.059590556965433	2474	2643	169	2474	2	0.9994366197183099	GAGTTTCTTAAGGACGGTTGGGAGATTGTA GAGTTTCTTAGAGACGGTTGGGAAATTGTT	2613	3	0.9994366197183099	TGGCTTTATGTGCTGACTCCATCATCATTG TGGCTTTGTGTGCTGACTCTATCATTATTG TTGCTCTTTGTGCTGATTCCATCGTCATTG	2	1.0	ACCTGTTCTTGTGAAATCATTGGTGGAC TGTGAAATTGTCGGTGGACAAATTGTCA	{2516} {2525}
5.071532422683973	4363	4503	140	4363	3	0.9994366197183099	GGCAACCTTCATCCAGATTCTGCCATGCTT GGCAATCTTCATCCAGATTCTGCCACTCTT GGTAATCTGTATCCAGATTCAACCAGTCTT	4473	2	0.9994366197183099	AACCGTTGTCATACCAACAAAGAAAGCAGG TGCTGTGGTTATACCTACTAAAAAGGCTGG	3	0.9994366197183099	CACTTTCTTGAAGAAAGATGTTCCATAT GTGGAAAATGTTGATGTCACCTTCCTTA GTGGGTGATGTTGTTCAAGAGGGTGTTT	{4410} {4393} {4441}
5.095709836406473	3770	3952	182	3770	2	1.0	CCTAAAACATGGTGGTGGTGTTGCTGGTGC CCTTAAACATGGAGGAGGTGTTGCAGGAGC	3922	3	0.9994366197183099	CTTCATGTTGTCGGCCCAAATGTTAACAAA CTTCATGTTGTTGGCCCTAATGTCAACAGA CTTCATGTTGTTGGTCCTAATCTCAACAAG	2	1.0	AGTTGTGTTTTAAGCGGACACAATCTTG GACCACTAAACGTGGGTGGTAGTTGTCT	{3883} {3863}
5.100922420167963	5989	6173	184	5989	2	0.9994366197183099	GTCACCTTTTGTTATGATGTCAGCACCACC GTCATCTTTTGTTATGATGTCTGCACCACC	6143	3	0.9994366197183099	CTCAGCAAAACCTCAGAGTACAAAGGCCCT CTTACAAAGTCCTCAGAATACAAAGGTCCT CTTACAAAGTCCTCTGAGTACAAAGGTTCT	2	0.9994366197183099	AACTTAAGCATGGTACATTTACTTGTGC TGGTACTTTCTTGTGTGCTAGTGAGTAT	{6030} {6040}
5.105707968360734	1692	1841	149	1692	3	0.9994366197183099	GACCTGAGCACAGTCTCGCAGAATACCATA GACCTGAGCATAGTCTTGCCGAATACCATA GACCTGAGCATAGTCTTGCTGAATATCATA	1811	2	0.9994366197183099	AAGTGTGCCTATTGGGTGCCTCGTGCTGCT AAGTGTGCCTATTGGGTTCCACGTGCTAGC	3	0.9994366197183099	GCTTGAAAACCATTCTTCGTAAGGGTGG GTACCAAAGCATTTGGAGGATGTGTGTT TCGCACTATTGCCTTTGGAGGCTGTGTG	{1731} {1761} {1759}
5.11283196905215	7769	8011	242	7769	2	0.9994366197183099	GAAAAGTTATGTGCATGTTGTAGACGGTTG GAAGAGCTATATACATGTTGTTGACGGTTG	7981	3	0.9994366197183099	TTAGTGACGAAGTTGCTAGAGACTTATCAC TTAGTGATGAAGTCGCAAGAGACTTGTCCC TTAGTGATGAAGTTGCGAGAGACTTGTCAC	1	1.0	GTATGATGTGTTATAAACGTAATAGAGC	{7813}
5.114588504066715	27510	27753	243	27510	2	0.9994366197183099	CCGTTGAAGAGCTTAAAAAGCTCCTTGAAC CCGTTGAAGAGCTTAAAAAGCTCTTAGAAC	27723	3	0.9994366197183099	TCGCGATTGCAATGGCTTGTCTTGTGGGCT TTGCCATTGCAATGGCCTGTCTTGTAGGCT TTGCTATCGCAATGGCTTGTCTTGTAGGCT	1	1.0	CATGGATTTGTCTTCTACAATTTGCCTA	{27573}
5.125785018119717	2366	2560	194	2366	3	0.9994366197183099	GGTGTTGTACAAATGACTACACAATGGCTT GGTGTTGTACAAATGACTTCACAGTGGCTA GGTGTTGTTCAGTTGACTTCGCAGTGGCTA	2530	2	0.9994366197183099	AATCATTGGTGGACAGCTTGTAGCATTCAC AATTGTCGGTGGACAAATTGTCACCTGTGC	2	0.9994366197183099	TTAAATTTATCTCAACCTGTGCTTGTGA TTTGGTACTGTGTATGAAAAATTGAAAC	{2502} {2405}
5.130534243325825	2194	2322	128	2194	3	0.9994366197183099	AATTTTCTCCCGCACTCTTGAAACTGCTCA CATTTTCTCTCGTACTCTTGAAACTGCTCA CATTTTTTCACGCACTCTTGAAACTGCTCA	2292	2	1.0	GACTCATTGATGCTATGATGTTCACATCTG GATTGATTGATGCTATGTTGTTCACGTCTG	4	1.0	ATAACAATACTAGATGGAATTTCACAGT CTTAGATGGAATTTCACAGTATTCCCTG TCAGTTCGTGTCCTACAACAGGCCGCTA TCTGTGCGTGTCTTGCAAAAGGCCGCTA	{2255} {2263} {2228} {2228}
5.130534243325825	2267	2463	196	2267	2	1.0	GACGGAATTTCACAGTACTCACTCAGATTG GATGGAATTTCACAGTATTCACTGAGACTC	2433	3	0.9994366197183099	CCGTCCTTGATTGGCTTGAAGAGAAGTTTA CGGTTCTTGATTGGCTCGAAGAGAAATTCA CTATTCTTGACTGGCTTGAAGAGAAGTTCA	2	1.0	TGCTATGATGTTCACATCTGATTTGGCT TTTGGTACTGTGTATGAAAAATTGAAAC	{2302} {2405}
5.130534243325825	26849	27045	196	26849	3	0.9994366197183099	TTCAATCGTCATCACATGTGGTGATGGTAC TTCAATTGTCATTACCTCCGGTGATGGCAC TTCAATTGTCATTACTTCAGGTGATGGCAC	27015	2	0.9994366197183099	ACAGACACTGGTGTTGAACATGTTACCTTC ACAGATACTGGTGTTGAACATACTACCTTC	2	1.0	AATTGGTGGTTACACGGAAAAGTGGGAG GGTTATACTGAAAAATGGGAATCTGGAG	{26909} {26916}
5.1466234110321585	6781	6984	203	6781	2	0.9994366197183099	TGTGAAAACTACCGAAGTTGTAGGAGACAT TGTGAAAACTACCGAAGTTGTAGGTGACGT	6954	3	0.9994366197183099	AAAACTCACGGTTTGGCTGCTGTTAATAGT GCCACTCATGGCTTGGCTGCTATTAATAGT GCTACTCATGGTTTAGCTGCTGTTAATAGT	2	1.0	ACCCAATGAATTATCAGTAATGTTGGGT ATGAATTATCTAGAGTATTAGGTTTGAA	{6914} {6919}
5.151075799801318	6600	6805	205	6600	4	0.9994366197183099	CAAACACTTGGTGTATACGCTGTCTCTGGA CAAATACCTGGTGTATACGTTGTCTTTGGA CAAATACTTGGTGCATACGTTGTCTTTGGA CAAATACTTGGTGCTTACGTTGTCTTTGGA	6775	1	0.9994366197183099	GTGTAATGTGAAAACTACCGAAGTTGTAGG	2	0.9988732394366198	AAACGTCAAATATTTTTGATGTTCTGCA GAAGATCTAAAACCAGTCTCTGAAGAAG	{6645} {6710}
5.155637705370951	1624	1788	164	1624	2	0.9994366197183099	TTGTGGTTACCTTCCTCAAAATGCTGTAGT TTGTGGTTACTTACCCCAAAATGCTGTTGT	1758	3	0.9994366197183099	GTCGCACTATTGCCTTTGGAGGCTGTGTGT GTCGTACCAAAGCATTTGGAGGATGTGTGT GTCGTACCATTGCTTATGGGGGCTGTGTGT	3	0.9994366197183099	AAAAATTTTTTGTCCAGCATGTCATAAT CCGAATACCATAATGAATCTGGCTTGAA TCCAGCATGTCACAATTCAGAAGTAGGA	{1654} {1710} {1666}
5.168291578646307	8434	8647	213	8434	2	0.9994366197183099	CAGAAGCTGAACTTGCAAAGAATGTGTCCT CTGAGACTGAACTTGCTAAGAATGTGTCTT	8617	3	0.9994366197183099	ATAACAAAGTGGAAAACATGACGCCTAGAG ATAACAAAGTTGAAAACATGACACCCCGTG ATAACAAAGTTGAAAACATGACACCTCGGG	2	0.9994366197183099	ACTTTTATTTCAGCAGCTCGGCAAGGGT GGACGTTGTGGAATGTCTAAAAATTTCT	{8481} {8534}
5.168291578646307	11436	11649	213	11436	2	0.9994366197183099	AGGACCACTATCAGCTCAAACTGGTATTGC AGGACCTCTTTCTGCTCAAACTGGAATTGC	11619	3	0.9994366197183099	AACAATCAAGGGTACACACCACTGGTTGTT AACTGTCAAAGGTACTCACCATTGGTTGTT GACAATCAAGGGCACACACCATTGGTTGTT	2	1.0	TCATTAAAGGAATTGCTCCAAAATGGTG TGGACGTACCATATTGGGTAGTGCTTTA	{11485} {11517}
5.168291578646307	12111	12324	213	12111	2	1.0	CTCTGTCACCTCTAACTATTCAGGCGTTGT CTCTGTTACTTCTAACTACTCAGGTGTAGT	12294	3	0.9994366197183099	ACTCAACCGCTACTTTAGACTGACTCTTGG ACTCAACCGCTATTTTAGGCTTACTCTTGG ACTCAATCGTTACTTTAGACTTACCCTTGG	2	1.0	ACAGTGTATAATGTTGGTGTACTGCTTT GTCATGTTTTTGGCCAGAGGTATTGTTT	{12225} {12148}
5.168291578646307	26892	27105	213	26892	3	0.9994366197183099	ACAGACCATGACTACCAAATTGGTGGTTAT TCTGAACATGACTACCAGATTGGTGGTTAT TCTGAGGACGACTACCAAATTGGTGGTTAC	27075	2	1.0	GAAGAACATGTCCAAATTCACACAATCGAC GAAGACCATGTTCAAATTCACACAATCGAC	2	1.0	CGGAAAAGTGGGAATCTGGTGTTAAAGA GGAATCTGGAGTAAAAGACTGTGTTGTA	{26923} {26933}
5.172454842851935	5939	6154	215	5939	2	0.9994366197183099	ATACCTTGTACGTGTGGTAAACAAGCTACA GTACCGTGTGTTTGTGGAAGACAAGCTACA	6124	3	0.9994366197183099	TGTCATAGATGGTGCATTGCTCAGCAAAAC TTGCATAGACGGTGCTTTACTTACAAAGTC TTGCATAGATGGCGCTTTACTGACAAAGTC	2	0.9994366197183099	AACTTAAGCATGGTACATTTACTTGTGC TGGTACTTTCTTGTGTGCTAGTGAGTAT	{6030} {6040}
5.1786000822449525	2537	2755	218	2537	2	0.9994366197183099	GGTGGACAAATTGTCACCTGTGCAAAGGAA GGTGGACAGCTTGTAGCATTCACCACTGAA	2725	3	0.9994366197183099	CAGAGAAGAAACTGGCCTACTCATGCCTCT CAGAGAAGAAACTGGCTTACTCATGCCTCT CAGAGGAGACTCTGGTTTACTCATGCCTCT	2	0.9994366197183099	GACAGTGTGAAGAAATTTTTCAAACTGG TCATTATTGGTGGAGCTAAACTTAAAGC	{2573} {2634}
5.1786000822449525	28750	28968	218	28750	2	0.9994366197183099	GTGCTCTTTAGCCTTTCTGCTATTCCTTGT GTGCTTTTTAGCCTTTCTGCTATTCCTTGT	28938	3	0.9994366197183099	ATCAACCATATGTAGTTGATGACCCGTGTC ATCAACCCTATGTAGTTGATGACCCTTGTC ATTCACCTTATGTAGTTGATGATCCATGCC	2	1.0	ACATGAAATTTCTTGTTTTCTTAGGAAT TATGCTCATGATATTTTGGTTTGCTTTG	{28854} {28786}
5.196359093787734	2474	2701	227	2474	2	0.9994366197183099	GAGTTTCTTAAGGACGGTTGGGAGATTGTA GAGTTTCTTAGAGACGGTTGGGAAATTGTT	2671	3	0.9994366197183099	AGGTGAAACATTTGTCACGCACTCAAAGGG GGGAGAAACCTTTGTCGCACACTCCAGAGG GGGTGAAACATTTATTGCACACTCAAAAGG	2	1.0	ACCTGTTCTTGTGAAATCATTGGTGGAC TGTGAAATTGTCGGTGGACAAATTGTCA	{2516} {2525}
5.209522044777587	27859	28093	234	27859	3	0.9994366197183099	TGGCACAATTCTGACCAGGCCGCTTCTAGA TGGCACTATTCTGACCAGACCGCTTCTAGA TGGTACAATTTTGACCAGACCACTCCTAGA	28063	2	0.9994366197183099	TGCTGCATACAGTCGCTACAGGATTGGCAA TGCTGCATACAGTCGCTATCGGATTGGCAA	2	0.9994366197183099	TTCGCATTGCTGGACATCATCTAGGACG TTCGTATTGCAGGACACCATCTGGGACG	{27930} {27930}
5.217151599001682	3247	3433	186	3247	2	0.9994366197183099	AGACGAGTGGGGTGTTGCAACCTATTACTT AGATGAGTGGAGTATGGCTACATACTACTT	3403	3	0.9994366197183099	TGGTACTGAAGATGATTACCAAGGTAAACC TGGTACTGAATCTGATTACAAAGGTTTGCC TGGTACTGAGGATGACTACCAAGGTAAACC	3	0.9994366197183099	GGTGAGTATACTTTGTCTTCACGTATGT GTTTGATGAGTCCGGTGAATTTAAATTG TGGTGAGTTTAAATTGGCTTCACATATG	{3290} {3277} {3289}
5.22393196905215	29794	29945	151	29794	2	1.0	TCATCACGTAGTCGCAACAGTTCAAGAAAT TCATCACGTAGTCGCAATAGTTCCAGAAAC	29915	3	0.9994366197183099	TGAACCAGCTTGAGAACAAAATATCTGGCA TGAACCAGCTTGAGAGCAAAATGTCTGGTA TGAATGCACTTGAGAGCAAAATGTCTGGTA	4	0.9994366197183099	ATGGTGGTGATGCTGCCCTTGCTTTGCT GCTCTTGCTTTGCTGCTGCTTGACAGGT GGCGGTGACACTGCTCTTGCTTTGCTGC GGTGATGCTGCTCTTGCTTTGCTGCTGC	{29873} {29887} {29875} {29878}
5.243982728833829	11815	12012	197	11815	3	0.9994366197183099	CTGTTACCTTCCTTAGCTACTGTAGCTTAC CTGTTACCTTCTCTTGCTACTGTAGCTTAT TTGTTACCTTCTCTTGCCACTGTAGCTTAT	11982	2	1.0	GACAGCAAGAACCGTATATGATGATAGTGC GACAGCAAGAACTGTGTATGATGATGGTGC	3	1.0	GACTTGGTTGGACATGGTTGATACCAGC TGCGTATAATGACATGGTTAGACATGGT TGGTTGGATATGGTTGATACTAGTTTGT	{11889} {11879} {11893}
5.2532083105030125	25015	25216	201	25015	2	0.9994366197183099	CCGGTTTTATCAAACAGTACGGTGATTGTT CTGGCTTCATCAAACAATATGGTGATTGCC	25186	3	0.9994366197183099	TTGGTGCAGGAGCTGCTTTACAAATACCCT TTGGTGCAGGTGCTGCATTACAAATACCAT TTGGTGCTGGTGCTGCTCTTCAAATACCAT	3	0.9994366197183099	GCGGGTACAATCACTTCTGGTTGGACCT TCAATACACTTCTGCACTACTTGCTGGA TGGGTGGTATTTCTGCTAGAGATTTGAT	{25158} {25136} {25045}
5.2621757998013186	7430	7635	205	7430	2	0.9994366197183099	CTGTACGGGTTCTATACCGTGTAGTGTCTG CTGTACTGGTTCTATACCTTGTAGTGTTTG	7605	3	0.9994366197183099	GTACTAGGTTTAGCCGCAATTATGCAATTG GTACTTGGACTAGCTGCAATTATGCAATTG GTACTTGGATTGGCTGCAATCATGCAATTG	3	1.0	AATTACCATTTCATCTTTTAAATGGGAT CTTAGTGGTATGGATTCTTTAGATGCTT TCTTAGTGGTTTAGATTCTTTAGACACC	{7511} {7461} {7460}
5.281790556965433	29129	29298	169	29129	4	0.9994366197183099	GAACCTAAATTAGGCAGTCTCGTAGTACGT GAACCTAAATTAGGTAGTCTCGTAGTACGG GAACCTAAATTAGGTAGTCTCGTAGTTCGT GAACCTAAATTGGGTAGTCTTGTAGTGCGT	29268	1	1.0	TGCACCCCGCATTACGTTTGGTGGACCCTC	4	0.9994366197183099	GTTCGTTCTATGAAGACTTTTTAGAGTA TGTTCGTATTATGAAGACTTTCTAGAGT TGTTCGTTCTATGAAGACTTTGTTGATT TGTTCGTTCTATGAGGACTTTTTAGAGT	{29160} {29159} {29159} {29159}
5.28766473040372	8569	8786	217	8569	3	0.9994366197183099	CAGACATTGAAGTTACAGGTGACAGTTGTA CTGACATAGAAGTTACAGGTGACAGTTGTA CTGACATAGAAGTTACTGGCGATAGTTGTA	8756	2	1.0	ACAACTACGAAAACAAATACGTAGTGCTGC ACAACTGCGTAAACAAATACGTAGTGCTGC	3	0.9994366197183099	AGGTGCTTGTATTGATTGCAGTGCACGT GGTGCTTGTATTGACTGTAGTGCGCGTC TTGCTTTGATATGGAACGTTAAAGATTT	{8651} {8652} {8713}
5.289700082244953	8621	8839	218	8621	3	0.9994366197183099	CAAAGTGGAAAACATGACGCCTAGAGATCT CAAAGTTGAAAACATGACACCCCGTGACCT CAAAGTTGAAAACATGACACCTCGGGATCT	8809	2	0.9994366197183099	AGTTGACATGTGCAACTACTAGACAAGTTG GATTGACATGTGCAACCACTAGACAAGTTG	3	0.9994366197183099	AGGTGCTTGTATTGATTGCAGTGCACGT GGTGCTTGTATTGACTGTAGTGCGCGTC TTGCTTTGATATGGAACGTTAAAGATTT	{8651} {8652} {8713}
5.320622044777587	29854	30088	234	29854	4	0.9994366197183099	CCTGCTAGAATGGCTGGCAATGGCGGTGAT CCTGCTAGGATGGCTGGCAATGGCAGTGAT CCTGCTAGGATGGCTGGCAATGGTGGTGAT CCTGCTCGAATTGCTGGCAATGGTGGTGAT	30058	1	0.9994366197183099	GGCAGACGTGGTCCAGAACAAACCCAAGGA	3	0.9994366197183099	GCTCTTGCTTTGCTGCTGCTAGATAGGT GCTCTTGCTTTGCTGCTGCTTGACAGGT TTGATCGGTTGAATGCACTTGAGAGCAA	{29887} {29887} {29906}
5.343719948987033	2292	2539	247	2292	2	1.0	GACTCATTGATGCTATGATGTTCACATCTG GATTGATTGATGCTATGTTGTTCACGTCTG	2509	3	0.9994366197183099	CATCACAACCTGTTCTTGTGAAATCATTGG TATCTCAACCTGTGCTTGTGAAATTGTCGG TATCTCAACTTGTGCTTGTGAAATTGTCGG	3	0.9994366197183099	TAATGGTCTACATTACAGGTGGTGTTGT TTACGGGTGGTGTTGTACAAATGACTTC TTTGGTACTGTGTATGAAAAATTGAAAC	{2346} {2358} {2405}
5.343719948987033	11629	11876	247	11629	4	0.9994366197183099	GGCACACACCATTGGTTGTTACTTACAGTT GGCACGCACCATTGGTTGTTGCTTACAGTT GGTACACACCACTGGTTGTTACTCACAATT GGTACTCACCATTGGTTGTTGTTAACAATC	11846	1	0.9994366197183099	TTAATATGGTCTATATGCCTGCTAGTTGGG	3	1.0	ACTCTTAGTTTTAGTTCAGAGTACTCAA CTCAATGGTCTTTGTTCTTTTTTTTGTA TCTCTTCTTGTATTGGTTCAAAGTACTC	{11667} {11690} {11665}
5.362126686365171	28961	29056	95	28961	3	0.9994366197183099	CCATGCCCTATACATTTCTACTCGAAATGG CCGTGTCCTATTCACTTCTATTCTAAATGG CCTTGTCCAATTCACTTCTACTCACGATGG	29026	3	1.0	AATTGAATTGTGCGTGGATGAGGCTGGTTC GATTGAACTCTGTGTTGATGAAGTAGGTTC GATTGAATTGTGTGTTGACGAGGTAGGCTC	2	0.9994366197183099	ATATTAGGGTCGGTGCTAGAAAATCTGC TTAGAGTAGGAGCTAGAAAATCAGCACC	{28992} {28995}
5.404832422683972	1624	1844	220	1624	2	0.9994366197183099	TTGTGGTTACCTTCCTCAAAATGCTGTAGT TTGTGGTTACTTACCCCAAAATGCTGTTGT	1814	3	0.9994366197183099	TGTGCCTATTGGGTACCACGTGCTAGTGCA TGTGCCTATTGGGTGCCTCGTGCTGCTGCT TGTGCCTATTGGGTTCCACGTGCTAGCGCT	4	1.0	AAAAATTTTTTGTCCAGCATGTCATAAT CCGAATACCATAATGAATCTGGCTTGAA TCCAGCATGTCACAATTCAGAAGTAGGA TCTAAAGACCACTCTTCGTAAGGGTGGT	{1654} {1710} {1666} {1732}
5.42057293134144	26892	26994	102	26892	3	0.9994366197183099	ACAGACCATGACTACCAAATTGGTGGTTAT TCTGAACATGACTACCAGATTGGTGGTTAT TCTGAGGACGACTACCAAATTGGTGGTTAC	26964	3	0.9994366197183099	CACAGTTACTTCACTTCAGACTATTACCAG CATAGTTATTTCACCTCAGACTACTACCAG CATGGTTACTTTACATCAGAATGCTACCAG	2	1.0	CGGAAAAGTGGGAATCTGGTGTTAAAGA GGAATCTGGAGTAAAAGACTGTGTTGTA	{26923} {26933}
5.434322420167963	1618	1709	91	1618	3	0.9994366197183099	CACAACTTGTGGTTACTTACCTCAAAATGC CACTACTTGTGGTTACTTACCCCAAAATGC TACCACTTGTGGTTACCTTCCTCAAAATGC	1679	3	0.9994366197183099	AACCCAGAAATAGGACCTGAGCATAGTCTT AATCCAGAAATGGGACCTGAGCACAGTCTC AATTCAGAAGTAGGACCTGAGCATAGTCTT	3	1.0	TGTAGTAAAAATTTTTTGTCCAGCATGT TGTTGTAAAAATTTACTGTCCAGCATGT TGTTGTTAAAATTTATTGTCCAGCATGT	{1648} {1648} {1648}
5.469988527362399	2474	2583	109	2474	2	0.9994366197183099	GAGTTTCTTAAGGACGGTTGGGAGATTGTA GAGTTTCTTAGAGACGGTTGGGAAATTGTT	2553	4	0.9994366197183099	CATTCACCACTGAACTTAAAGACAGTGTGA CCCGTGCAAAGGAAGTTAAGGAGAGTGTTC CCTGTGCAAAGGAAATTAAAGAAAGTGTCC CCTGTGCAAAGGAAATTAAGGAGAGTGTTC	2	1.0	ACCTGTTCTTGTGAAATCATTGGTGGAC TGTGAAATTGTCGGTGGACAAATTGTCA	{2516} {2525}
5.587564845367944	1731	1841	110	1731	4	0.9994366197183099	GCTTGAAAACCATTCTTCGTAAGGGTGGTC GTATTAAAACCACTCTTCGTAAAGGTGGTC GTCTAAAGACCACTCTTCGTAAGGGTGGTC GTTTGAAAACCGTTCTTCGTAAGGGTGGTC	1811	2	0.9994366197183099	AAGTGTGCCTATTGGGTGCCTCGTGCTGCT AAGTGTGCCTATTGGGTTCCACGTGCTAGC	3	0.9994366197183099	GCACTATTGCCTTTGGAGGCTGTGTGTT GTACCAAAGCATTTGGAGGATGTGTGTT GTACCATTGCTTATGGGGGCTGTGTGTT	{1761} {1761} {1761}
5.593912910986066	2352	2463	111	2352	3	0.9994366197183099	CATACGTCACAGGTGGTGTTGTACAAATGA CCTACATTACAGGTGGTGTTGTTCAGTTGA CTTACATTACGGGTGGTGTTGTACAAATGA	2433	3	0.9994366197183099	CCGTCCTTGATTGGCTTGAAGAGAAGTTTA CGGTTCTTGATTGGCTCGAAGAGAAATTCA CTATTCTTGACTGGCTTGAAGAGAAGTTCA	3	0.9994366197183099	CTTCACAGTGGCTAACAAATATCTTTGG TTTCGCAGTGGCTAACTAACATCTTTGG TTTGGTACTGTGTATGAAAAATTGAAAC	{2382} {2382} {2405}
5.610689493487164	29847	29945	98	29847	3	0.9994366197183099	AACTTCCCCTGCTAGGATGGCTGGCAATGG AACTTCTCCTGCTAGAATGGCTGGCAATGG AACTTCTCCTGCTCGAATTGCTGGCAATGG	29915	3	0.9994366197183099	TGAACCAGCTTGAGAACAAAATATCTGGCA TGAACCAGCTTGAGAGCAAAATGTCTGGTA TGAATGCACTTGAGAGCAAAATGTCTGGTA	4	0.9994366197183099	GCCCTTGCTTTGCTACTGCTTGATCGGT GCTCTTGCTTTGCTGCTGCTAGATAGGT GCTCTTGCTTTGCTGCTGCTTGACAGGT GGTGATGCTGCTCTTGCTTTGCTGCTGC	{29887} {29887} {29887} {29878}
5.6238942636811995	29035	29151	116	29035	3	1.0	CTGTGTTGATGAAGTAGGTTCAAAAACACC GTGCGTGGATGAGGCTGGTTCTAAATCACC GTGTGTTGACGAGGTAGGCTCTAAGTCACC	29121	3	0.9994366197183099	ACTGTCAAGAACCTAAATTAGGTAGTCTCG ATTGCCAGGAACCTAAATTAGGTAGTCTCG ATTGCCAGGAACCTAAATTGGGTAGTCTTG	3	1.0	ACACTGTTTCTTGTTCACCGTTTACTAT GACATTGGTAATTACACAGTTTCCTGTT GATATCGGTAATTATACAGTTTCCTGTT	{29091} {29078} {29078}
5.64277293134144	2731	2875	144	2731	3	0.9994366197183099	AGAAACTGGCCTACTCATGCCTCTAAAAGC AGAAACTGGCTTACTCATGCCTCTGAAAGC AGACTCTGGTTTACTCATGCCTCTAAAAGC	2845	3	0.9994366197183099	ACAACCACTTGAGGAACCAACTGCACAGGC ACAACCATTAGAACAACCTACTAATGAGGC ACAACCATTAGAACAACCTACTAGTGAAGC	2	0.9994366197183099	GAAACTTTGCCTACAGAGGTACTTTCAG GAAATTATTTTCTTAGAGGGAGAAACAC	{2789} {2768}
5.646566666009797	26849	26994	145	26849	3	0.9994366197183099	TTCAATCGTCATCACATGTGGTGATGGTAC TTCAATTGTCATTACCTCCGGTGATGGCAC TTCAATTGTCATTACTTCAGGTGATGGCAC	26964	3	0.9994366197183099	CACAGTTACTTCACTTCAGACTATTACCAG CATAGTTATTTCACCTCAGACTACTACCAG CATGGTTACTTTACATCAGAATGCTACCAG	2	1.0	AATTGGTGGTTACACGGAAAAGTGGGAG GGTTATACTGAAAAATGGGAATCTGGAG	{26909} {26916}
5.686134243325825	28895	29023	128	28895	3	0.9994366197183099	CACACATTCCATCAGGAATGTAGTTTACAG GCTGCATTCCATCAGGAATGTAGTTTACAG GCTGCATTTCACCAAGAATGTAGTTTACAG	28993	3	0.9994366197183099	TATCAGAGTGGGAGCTAGAAAATCAGCACC TATTAGAGTAGGAGCTAGAAAATCAGCACC TATTAGGGTCGGTGCTAGAAAATCTGCACC	3	0.9994366197183099	ATTCAATTCACCTTATGTAGTTGATGAT CCATATGTAGTTGATGACCCGTGTCCTA TATGTAGTTGATGACCCTTGTCCAATTC	{28933} {28943} {28946}
5.688900633533979	1845	2002	157	1845	4	0.9994366197183099	ACATAGGCTGCAATCACACAGGTGTTGTTG ACATAGGTTGCAATCACACAGGAGTTGTTG ACATAGGTTGTAACCATACAGGTGTTGTTG ACGTAGGATGTAACCACACAGGAGTTGTGG	1972	2	0.9994366197183099	GATCGCCATAATCTTGGCATCTTTTTCTGC GATCGCCATTATTTTGGCATCTTTTTCTGC	2	1.0	GAGAAGGTTCCGAAGGTCTTAATGACAA GAGAAGGTTCTGAAAGTCTAAACGACAA	{1875} {1875}
5.695426686365171	2625	2755	130	2625	3	0.9994366197183099	CTGACTCCATCATCATTGGTGGAGCTAAAC CTGACTCTATCATTATTGGTGGAGCTAAAC CTGATTCCATCGTCATTGGTGGTGCAAAAC	2725	3	0.9994366197183099	CAGAGAAGAAACTGGCCTACTCATGCCTCT CAGAGAAGAAACTGGCTTACTCATGCCTCT CAGAGGAGACTCTGGTTTACTCATGCCTCT	3	0.9994366197183099	AAGCCTTGAATTTAGGTGAAACATTTGT GCTGTGAATTTGGGTGAAACATTTATTG TTAAAGCTTTGAATTTGGGAGAAACCTT	{2658} {2660} {2655}
5.701854591467448	28895	29056	161	28895	3	0.9994366197183099	CACACATTCCATCAGGAATGTAGTTTACAG GCTGCATTCCATCAGGAATGTAGTTTACAG GCTGCATTTCACCAAGAATGTAGTTTACAG	29026	3	1.0	AATTGAATTGTGCGTGGATGAGGCTGGTTC GATTGAACTCTGTGTTGATGAAGTAGGTTC GATTGAATTGTGTGTTGACGAGGTAGGCTC	2	0.9994366197183099	ATTCAATTCACCTTATGTAGTTGATGAT TTAGAGTAGGAGCTAGAAAATCAGCACC	{28933} {28995}
5.70814041714011	2208	2371	163	2208	3	0.9994366197183099	CACTAGAAACTGCTCACCATTCTGTGCATG CTCTTGAAACTGCTCAAAATTCTGTGCGTG CTCTTGAAACTGCTCAACACTCTGTGCGTG	2341	3	0.9994366197183099	AGTTGTAATGGCCTACATTACAGGTGGTGT AGTTGTAATGGCTTACATTACAGGTGGTGT CGTAGTGATGGCATACGTCACAGGTGGTGT	2	1.0	ACAGTATTCACTGAGACTCATTGATGCT TGGACGGAATTTCACAGTACTCACTCAG	{2278} {2265}
5.70814041714011	4569	4732	163	4569	3	0.9994366197183099	CCCCGGACAGGGTTGCGTTGGTTATACAAT CCCGGGTCAGGGTTTAAATGGTTACACTGT CCCTGGACAGGGTAATAATGGTTATACATT	4702	3	0.9994366197183099	AACTTGCGAGAGATGCTCGCACATGCAGAA AACTTGCGTGAAATGCTTACGCATGCTGAA AATTTGCGAGAAATGCTTGCACATGCAGAA	2	0.9994366197183099	AAAACAGCTCTTAAGAAGAGTAAGAGTG GACAGTGCTTAAAAAGTGTAAAAGTGCC	{4609} {4611}
5.723336002980722	6600	6768	168	6600	4	0.9994366197183099	CAAACACTTGGTGTATACGCTGTCTCTGGA CAAATACCTGGTGTATACGTTGTCTTTGGA CAAATACTTGGTGCATACGTTGTCTTTGGA CAAATACTTGGTGCTTACGTTGTCTTTGGA	6738	2	0.9994366197183099	TAGTGGAAAATCCTACCATACAGAAAGACG TAGTGGAAACTCCTACCATACAGAAAGACA	2	0.9988732394366198	AAACGTCAAATATTTTTGATGTTCTGCA GAAGATCTAAAACCAGTCTCTGAAGAAG	{6645} {6710}
5.725979969342407	1564	1701	137	1564	3	0.9994366197183099	CCTTAAAGCCACTTGTGAATTTTGTGGTAC TGTTAAAGCCACTTGCGAATTTTGTGGCAC TGTTAGAGCCACTTGCGAATTCTGTGGTAC	1671	3	0.9994366197183099	CATGTCACAATTCAGAAGTAGGACCTGAGC CATGTCATAATCCAGAAATGGGACCTGAGC CATGTCATAATCCAGAAGTAGGACCTGAGC	3	0.9994366197183099	AATGCTGTAGTAAAAATTTTTTGTCCAG CCCAAAATGCTGTTGTTAAAATTTATTG CTTGTGGTTACTTACCCCAAAATGCTGT	{1643} {1638} {1623}
5.782770128054922	28961	29151	190	28961	3	0.9994366197183099	CCATGCCCTATACATTTCTACTCGAAATGG CCGTGTCCTATTCACTTCTATTCTAAATGG CCTTGTCCAATTCACTTCTACTCACGATGG	29121	3	0.9994366197183099	ACTGTCAAGAACCTAAATTAGGTAGTCTCG ATTGCCAGGAACCTAAATTAGGTAGTCTCG ATTGCCAGGAACCTAAATTGGGTAGTCTTG	2	0.9994366197183099	ATATTAGGGTCGGTGCTAGAAAATCTGC TTAGAGTAGGAGCTAGAAAATCAGCACC	{28992} {28995}
5.789929642842771	3247	3401	154	3247	2	0.9994366197183099	AGACGAGTGGGGTGTTGCAACCTATTACTT AGATGAGTGGAGTATGGCTACATACTACTT	3371	4	0.9994366197183099	GAACAACCTGAACAACCAACTCAATATGAG GAACAGTATGAACCATCAACTCAGTATGAG GAAGAGTTTGAGCCATCAACTCAATATGAG GGACAGTGTGAACCATCAACTCAATATGAG	3	0.9994366197183099	GGTGAGTATACTTTGTCTTCACGTATGT GTTTGATGAGTCCGGTGAATTTAAATTG TGGTGAGTTTAAATTGGCTTCACATATG	{3290} {3277} {3289}
5.80654304098169	1144	1303	159	1144	3	0.9994366197183099	CCCTCTTGAGTGCATCAAAGACTTATTAGC CCCTCTTGAGTGCATTAAAGACCTTCTAGC CCCTCTTGAGTGCATTAAAGACTTGCTGGC	1273	3	0.9994366197183099	ATGGTACACGGAACGCTCTGATAAGAGTTA TTGGTACACGGAACGCTCCGACAAGAGCTA TTGGTACACGGAACGTTCTGAAAAGAGCTA	3	0.9994366197183099	ACGTGCTGGTAAAGCTTCATGCACTTTG CTGGAAAGTCTTCTTGCTCTTTGTCCGA TAAGGCTTCTTATGCTTTGTCTGAACAA	{1174} {1179} {1183}
5.815557335320482	2671	2875	204	2671	3	0.9994366197183099	AGGTGAAACATTTGTCACGCACTCAAAGGG GGGAGAAACCTTTGTCGCACACTCCAGAGG GGGTGAAACATTTATTGCACACTCAAAAGG	2845	3	0.9994366197183099	ACAACCACTTGAGGAACCAACTGCACAGGC ACAACCATTAGAACAACCTACTAATGAGGC ACAACCATTAGAACAACCTACTAGTGAAGC	2	0.9994366197183099	CAAAAAGTGTGTGAAATCCAGAGGAGAC GAAATTATTTTCTTAGAGGGAGAAACAC	{2707} {2768}
5.815557335320482	7605	7809	204	7605	3	0.9994366197183099	GTACTAGGTTTAGCCGCAATTATGCAATTG GTACTTGGACTAGCTGCAATTATGCAATTG GTACTTGGATTGGCTGCAATCATGCAATTG	7779	3	0.9994366197183099	ATACATGTTGTTGACGGTTGTACCTCATCT GTGCATGTTGTAGACGGTTGTAATTCATCA GTGCATGTTGTAGATGGTTGTACTTCATCA	2	0.9994366197183099	CTTTTTCGCATCATTTTATTATGTGTGG TTTTCAGCTATTTTGCAGTACATTTTAT	{7742} {7636}
5.815557335320482	28823	29027	204	28823	3	0.9994366197183099	GATCATAATGAAACTTGTCACGCCTAAACG GATCATAATGAAACTTTCCACGCCTAAACG GATGATGATGAGTGTTGCCAAGTCTAAACG	28997	3	0.9994366197183099	AGAGTAGGAGCTAGAAAATCAGCACCTTTA AGAGTGGGAGCTAGAAAATCAGCACCTTTG AGGGTCGGTGCTAGAAAATCTGCACCATTG	2	1.0	AATTTCTTGTTTTACTTGGAATACTAAC ACATGAAATTTCTTGTTTTCTTAGGAAT	{28860} {28854}
5.834991578646307	2158	2371	213	2158	3	0.9994366197183099	TGCATTTCCCTCAGAAGCTGCTCGTGTGGT TGCATTTGCATCAGAGGCTGCTCGTGTTGT TGCGTTCCCTTCAGATGCTGCTCATGTTGT	2341	3	0.9994366197183099	AGTTGTAATGGCCTACATTACAGGTGGTGT AGTTGTAATGGCTTACATTACAGGTGGTGT CGTAGTGATGGCATACGTCACAGGTGGTGT	2	1.0	ACAGTATTCACTGAGACTCATTGATGCT ACGTTCCATTTTTTCACGCACTCTTGAA	{2278} {2188}
5.843219205502994	5688	5859	171	5688	4	0.9994366197183099	GAGCAAGGGCTGGTGAAGCTGCTAACTTTT GAGCTAGAGCCGGTGATGCTGCTAATTTCT GGGCAAGAGCTGGTGAGGCTGCTAATTTTT GGGCTAGAGCTGGTGATGCTGCAAATTTCT	5829	2	0.9994366197183099	TAAATGTGGTGTGTAAAACTTGTGGACAGC TGAACGTGGTGTGTAAAACTTGTGGACAAC	3	1.0	AGTTACTTGTTTCAACATGCCAATTTAG GCCAATTTAGATTCTTGCAAAAGAGTCT TGATGTAAGAGAAACAATGAGTCATTTG	{5783} {5801} {5764}
5.878722420167963	1998	2182	184	1998	3	0.9994366197183099	CTGCATCCACGAGTGCTTTCGTGGAAACTG CTGCTTCCACAAGTGCTTTTGTGGAAACTG CTGCTTCTACAAGTGCTTTTGTAGAAACTG	2152	3	0.9994366197183099	GCTCTATGCGTTCCCTTCAGATGCTGCTCA TCTGTATGCATTTCCCTCAGAAGCTGCTCG TCTTTATGCATTTGCATCAGAGGCTGCTCG	3	0.9994366197183099	CTTTAAAGTTACAAAGGGGAAGGCAAAG TTGGAATATTGGTGAACCAAAGTCCATA TTGGTGAACAGAAATCAATACTGAGTCC	{2080} {2116} {2124}
5.883507968360733	1985	2223	238	1985	3	0.9994366197183099	TTGGCATCTTTTTCTGCATCCACGAGTGCT TTGGCATCTTTTTCTGCCTCTATAAGTGCT TTGGCATCTTTTTCTGCTTCCACAAGTGCT	2193	3	0.9994366197183099	CAATTTTCTCCCGCACTCTTGAAACTGCTC CCATTTTCTCTCGTACTCTTGAAACTGCTC CCATTTTTTCACGCACTCTTGAAACTGCTC	2	0.9988732394366198	GCATTTGCATCAGAGGCTGCTCGTGTTG TTGGAATATTGGTGAACCAAAGTCCATA	{2159} {2116}
5.89063196905215	28823	29065	242	28823	3	0.9994366197183099	GATCATAATGAAACTTGTCACGCCTAAACG GATCATAATGAAACTTTCCACGCCTAAACG GATGATGATGAGTGTTGCCAAGTCTAAACG	29035	3	1.0	CTGTGTTGATGAAGTAGGTTCAAAAACACC GTGCGTGGATGAGGCTGGTTCTAAATCACC GTGTGTTGACGAGGTAGGCTCTAAGTCACC	2	1.0	AATTTCTTGTTTTACTTGGAATACTAAC ACATGAAATTTCTTGTTTTCTTAGGAAT	{28860} {28854}
5.892388504066714	26892	27135	243	26892	3	0.9994366197183099	ACAGACCATGACTACCAAATTGGTGGTTAT TCTGAACATGACTACCAGATTGGTGGTTAT TCTGAGGACGACTACCAAATTGGTGGTTAC	27105	3	1.0	GGCTCATCAGGAGTTGTAAATCCAGCAATG GGTACATCTGGAGTTGTTAATCCAGCAATG GGTTCATCCGGAGTTGTTAATCCAGTAATG	2	1.0	CGGAAAAGTGGGAATCTGGTGTTAAAGA GAGCCTGAAGAACATGTCCAAATTCACA	{26923} {27069}
5.903585018119717	1692	1886	194	1692	3	0.9994366197183099	GACCTGAGCACAGTCTCGCAGAATACCATA GACCTGAGCATAGTCTTGCCGAATACCATA GACCTGAGCATAGTCTTGCTGAATATCATA	1856	3	0.9994366197183099	AACCACACAGGAGTTGTGGGAGAAGGTTCT AACCATACAGGTGTTGTTGGAGAAGGTTCC AATCACACAGGTGTTGTTGGAGAAGGTTCT	3	0.9994366197183099	GCTTGAAAACCATTCTTCGTAAGGGTGG GTACCAAAGCATTTGGAGGATGTGTGTT TCGCACTATTGCCTTTGGAGGCTGTGTG	{1731} {1761} {1759}
5.904421916171136	2625	2875	250	2625	3	0.9994366197183099	CTGACTCCATCATCATTGGTGGAGCTAAAC CTGACTCTATCATTATTGGTGGAGCTAAAC CTGATTCCATCGTCATTGGTGGTGCAAAAC	2845	3	0.9994366197183099	ACAACCACTTGAGGAACCAACTGCACAGGC ACAACCATTAGAACAACCTACTAATGAGGC ACAACCATTAGAACAACCTACTAGTGAAGC	2	0.9988732394366198	AAGCCTTGAATTTAGGTGAAACATTTGT TTAAAGCTTTGAATTTGGGAGAAACCTT	{2658} {2655}
5.904421916171136	7837	8087	250	7837	2	1.0	GAGCAACAAGAGTCGAATGTACAACTATTG GAGCTACAAGGGTTGAATGCACAACCATTG	8057	4	0.9994366197183099	AGTGGATAGTGTAGCTGTGAAAAATGGTTC CGTTGATAGTGTTACAGTGAAGAATGGTTC TGTTGACAGTGTTACAGTGAAGAATGGTTC TGTTGACAGTGTTAGCGTAAAGAATGGTTC	2	1.0	GTGTTAGAAGGTCCTTTTATGTCTATGC TGATGAAGTCGCAAGAGACTTGTCCCTA	{7873} {7985}
5.948179969342407	11619	11833	214	11619	3	0.9994366197183099	AACAATCAAGGGTACACACCACTGGTTGTT AACTGTCAAAGGTACTCACCATTGGTTGTT GACAATCAAGGGCACACACCATTGGTTGTT	11803	3	0.9994366197183099	CTCTGTTTGTTCTTGTTACCTTCTCTTGCT CTCTGTTTGTTTTTGTTACCTTCTCTTGCC TTGTGTCTATTCCTGTTACCTTCCTTAGCT	3	1.0	ACTCTTAGTTTTAGTTCAGAGTACTCAA CTCAATGGTCTTTGTTCTTTTTTTTGTA TCTCTTCTTGTATTGGTTCAAAGTACTC	{11667} {11690} {11665}
5.968348055426138	1564	1788	224	1564	3	0.9994366197183099	CCTTAAAGCCACTTGTGAATTTTGTGGTAC TGTTAAAGCCACTTGCGAATTTTGTGGCAC TGTTAGAGCCACTTGCGAATTCTGTGGTAC	1758	3	0.9994366197183099	GTCGCACTATTGCCTTTGGAGGCTGTGTGT GTCGTACCAAAGCATTTGGAGGATGTGTGT GTCGTACCATTGCTTATGGGGGCTGTGTGT	3	0.9994366197183099	AATGCTGTAGTAAAAATTTTTTGTCCAG CCCAAAATGCTGTTGTTAAAATTTATTG CTTGTGGTTACTTACCCCAAAATGCTGT	{1643} {1638} {1623}
5.968348055426138	5688	5912	224	5688	4	0.9994366197183099	GAGCAAGGGCTGGTGAAGCTGCTAACTTTT GAGCTAGAGCCGGTGATGCTGCTAATTTCT GGGCAAGAGCTGGTGAGGCTGCTAATTTTT GGGCTAGAGCTGGTGATGCTGCAAATTTCT	5882	2	0.9994366197183099	GAAGCTGTTATGTACATGGGCACACTTTCT GAGGCTGTAATGTATATGGGTACACTTTCT	3	1.0	AGTTACTTGTTTCAACATGCCAATTTAG GCCAATTTAGATTCTTGCAAAAGAGTCT TGATGTAAGAGAAACAATGAGTCATTTG	{5783} {5801} {5764}
5.97029679600542	5122	5347	225	5122	3	0.9994366197183099	CTGGTCCTATTCAGGACAGGCTACTGAATT TTGGTCCTATTCTGGACAATCTACACAACT TTGGTCTTATTCTGGACAGTCTACACAACT	5317	3	0.9994366197183099	TAACCTCCACACGCAAGTTGTGGACATGTC TAATCTCCATACACAAGTCGTGGACATGTC TAATCTTCACACTCAAGTTGTGGACATGTC	3	0.9988732394366198	CTATTGCTTTTCATACAGAGGGTCAAAT GGATGGTGAGGTTATCAACATTGACAGT TTTGACAATCTTAAGATACTTCTCTCTT	{5208} {5224} {5243}
5.976072931341441	11815	12043	228	11815	3	0.9994366197183099	CTGTTACCTTCCTTAGCTACTGTAGCTTAC CTGTTACCTTCTCTTGCTACTGTAGCTTAT TTGTTACCTTCTCTTGCCACTGTAGCTTAT	12013	3	1.0	AGAAGAGTTTGGACACTTATGAATGTCCTG AGGAGAGTGTGGACACTTATGAATGTCTTG AGGCGTGTATGGACACTAATGAATGTTCTT	3	1.0	GACTTGGTTGGACATGGTTGATACCAGC TGCGTATAATGACATGGTTAGACATGGT TGGTTGGATATGGTTGATACTAGTTTGT	{11889} {11879} {11893}
5.979866666009797	4367	4597	230	4367	3	0.9994366197183099	ACCTTCATCCAGATTCTGCCATGCTTGTTA ATCTGTATCCAGATTCAACCAGTCTTGTGG ATCTTCATCCAGATTCTGCCACTCTTGTTA	4567	3	0.9994366197183099	TACCCCGGACAGGGTTGCGTTGGTTATACA TACCCGGGTCAGGGTTTAAATGGTTACACT TACCCTGGACAGGGTAATAATGGTTATACA	3	1.0	GGCATTGCGTAAAGTACCTACTGACCAT GGTGATGTCATTAAAGAAGGTGCTTTAA GTGGGTGATGTTGTTCAAGAGGGTGTTT	{4527} {4444} {4441}
5.990985705661207	24585	24821	236	24585	4	0.9994366197183099	AACCAGCGTTCAATCATTGCTTACACTATG AGCCAGAAAGCTATTGTGGCTTATACTATG GCCAGTCAATCTATTATTGCCTACACTATG GCTAGTCAATCCATCATTGCCTACACTATG	24791	2	1.0	TGGCAGTTTTTGTACACAATTAAACCGTGC TGGTAGTTTTTGCACACAACTAAATCGTGC	3	0.9994366197183099	ACAATGTATATTTGTGGTGATTCAACTG CTCTATAGAGTGTAGCAACTTGTTGTTA GGAGATTCAATTGAGTGTAGTAATTTAT	{24738} {24758} {24753}
6.0052354666358685	9291	9535	244	9291	3	0.9994366197183099	CTTGCCCATTGATTGCTGCAGTCATAACAA CTTGCCCATTGGTAGCAGCTGTTATCACAA CTTGTCCAATTGTGGCTGCCGTCATAACTC	9505	3	0.9994366197183099	ATTCAAAGATGCAGCTGGAAAGCCTGTGCC TTTCAAGGATGCTTCTGGTAAACCAGTGCC TTTTAAAGATGCTTCTGGTAAGCCAGTACC	3	0.9994366197183099	GATGTAGGATTTGTAGTTCCTGGTTTAC GCCCGGTTTGCCTGGCACAATATTACGC TACCTAGAGTTTTTAGTGCAGTTGGTGA	{9323} {9340} {9396}
6.010419948987033	29128	29375	247	29128	3	0.9994366197183099	AGAACCTAAATTAGGTAGTCTCGTAGTTCG GGAACCTAAATTAGGTAGTCTCGTAGTACG GGAACCTAAATTGGGTAGTCTTGTAGTGCG	29345	3	0.9994366197183099	CAAAACAACGAAGGCCCCAGGGATTACCCA CAAAACAACGTCGGCCCCAAGGTTTACCCA CTAAACAACGTCGACCCCAAGGCTTACCCA	3	0.9994366197183099	GTGTTCGTATTATGAAGACTTTCTAGAG GTTCGTTCTATGAAGACTTTTTAGAGTA TGTTCGTTCTATGAAGACTTTGTTGATT	{29158} {29160} {29159}
6.015521916171137	3247	3497	250	3247	2	0.9994366197183099	AGACGAGTGGGGTGTTGCAACCTATTACTT AGATGAGTGGAGTATGGCTACATACTACTT	3467	4	0.9994366197183099	CAAATAGAAGAAGAACCAGAGGAAGATTGG CAACAACAGGAAGAACAAGAAGAAGATTGG CAACCTGAAGAAGAGCAAGAAGAAGATTGG TCACAGGAAGAAGAACAAGAAGAGGATTGG	3	0.9994366197183099	GGTGAGTATACTTTGTCTTCACGTATGT GTTTGATGAGTCCGGTGAATTTAAATTG TGGTGAGTTTAAATTGGCTTCACATATG	{3290} {3277} {3289}
6.055189493487164	3854	3952	98	3854	4	0.9994366197183099	CCACAAACGGACCTCTGAATGTTGGTGGTA CCAGAAATGGACCACTAAACGTGGGTGGTA CTACCAATGGGCCACTAATTGTGGGTGGTA CTACTAATGGACCACTTAAAGTGGGTGGTA	3922	3	0.9994366197183099	CTTCATGTTGTCGGCCCAAATGTTAACAAA CTTCATGTTGTTGGCCCTAATGTCAACAGA CTTCATGTTGTTGGTCCTAATCTCAACAAG	2	1.0	GTTGTCTTCTAAATGGACACAATTTGGC GTTGTGTTTTAAGCGGACACAATCTTGC	{3884} {3884}
6.087272931341441	6875	6977	102	6875	4	0.9994366197183099	GGCTGCTTATGTAGAAAGTTCTAGTCTTAC GGCTGCTTATGTAGACAATACTAGTCTAAC GGCTGCTTATGTAGACAATTCTAGTCTTAC GGCTGCTTATGTTGACAATTCAAGTCTTAC	6947	3	0.9994366197183099	AACCCTTGCTACTCATGGTTTAGCTGCTGT AACTTTAAAAACTCACGGTTTGGCTGCTGT AACTTTAGCCACTCATGGCTTGGCTGCTAT	2	1.0	ACCCAATGAATTATCAGTAATGTTGGGT ATGAATTATCTAGAGTATTAGGTTTGAA	{6914} {6919}
6.1128319690521495	26635	26877	242	26635	3	0.9994366197183099	TATTGCTTGTTGCTGGTGGCTTAGAAGCCA TGTTGCTTCTTGCTGGTGGCTTGGAAGCCA TTTTGCTCGTTGCTGCTGGCCTTGAAGCCC	26847	3	0.9994366197183099	TCTTCAATCGTCATCACATGTGGTGATGGT TCTTCAATTGTCATTACCTCCGGTGATGGC TCTTCAATTGTCATTACTTCAGGTGATGGC	4	0.9994366197183099	GTCTACTTCTTGCAGAGTATAAACTTTG TATCTTTACGCTTTAGTTTATTTTCTGC TTTATGCTTTAGTCTACTTCTTGCAGAG TTTTCTCTTTCTTTATGCATTAGCTTAT	{26688} {26673} {26677} {26666}
6.260612910986066	2126	2237	111	2126	4	0.9994366197183099	GGTGAACAAAGTTCAATACTGAGTCCGCTC GGTGAACAGAAATCAATACTGAGTCCTCTT GGTGAACCAAAGTCCATACTGAGCCCTCTG GGTGAGCAAAAATCAATACTGAGTCCTTTG	2207	3	0.9994366197183099	ACACTAGAAACTGCTCACCATTCTGTGCAT ACTCTTGAAACTGCTCAAAATTCTGTGCGT ACTCTTGAAACTGCTCAACACTCTGTGCGT	3	0.9994366197183099	GCATTTCCCTCAGAAGCTGCTCGTGTGG GCATTTGCATCAGAGGCTGCTCGTGTTG TCAGATGCTGCTCATGTTGTACGGTCTA	{2159} {2159} {2168}
6.305633761645287	3809	3952	143	3809	4	0.9994366197183099	AGCTACAAACAACGCTATGCAAGTAGAATC AGCTACTAACAACGCTATGCAAATTGAGTC GGCAACTAACAACGCCATGCAGGTTGAATC GGCTACTAACAATGCCATGCAAGTTGAATC	3922	3	0.9994366197183099	CTTCATGTTGTCGGCCCAAATGTTAACAAA CTTCATGTTGTTGGCCCTAATGTCAACAGA CTTCATGTTGTTGGTCCTAATCTCAACAAG	2	1.0	AGTTGTGTTTTAAGCGGACACAATCTTG GACCACTAAACGTGGGTGGTAGTTGTCT	{3883} {3863}
6.4243666660097976	29857	30002	145	29857	5	0.9994366197183099	GCTAGAATGGCTGGCAATGGCGGTGACACT GCTAGAATGGCTGGCAATGGCGGTGATGCT GCTAGGATGGCTGGCAATGGCAGTGATGCT GCTAGGATGGCTGGCAATGGTGGTGATGCT GCTCGAATTGCTGGCAATGGTGGTGATGCT	29972	2	0.9994366197183099	TCACTAAGAAATCCGCTGCAGAGGCTTCTA TCACTAAGAAATCTGCTGCTGAGGCTTCTA	3	0.9994366197183099	GCTCTTGCTTTGCTGCTGCTAGATAGGT GCTCTTGCTTTGCTGCTGCTTGACAGGT TTGATCGGTTGAATGCACTTGAGAGCAA	{29887} {29887} {29906}
6.460021916171137	1731	1886	155	1731	4	0.9994366197183099	GCTTGAAAACCATTCTTCGTAAGGGTGGTC GTATTAAAACCACTCTTCGTAAAGGTGGTC GTCTAAAGACCACTCTTCGTAAGGGTGGTC GTTTGAAAACCGTTCTTCGTAAGGGTGGTC	1856	3	0.9994366197183099	AACCACACAGGAGTTGTGGGAGAAGGTTCT AACCATACAGGTGTTGTTGGAGAAGGTTCC AATCACACAGGTGTTGTTGGAGAAGGTTCT	3	0.9994366197183099	GCACTATTGCCTTTGGAGGCTGTGTGTT GTACCAAAGCATTTGGAGGATGTGTGTT GTACCATTGCTTATGGGGGCTGTGTGTT	{1761} {1761} {1761}
6.468614134296109	3854	4052	198	3854	4	0.9994366197183099	CCACAAACGGACCTCTGAATGTTGGTGGTA CCAGAAATGGACCACTAAACGTGGGTGGTA CTACCAATGGGCCACTAATTGTGGGTGGTA CTACTAATGGACCACTTAAAGTGGGTGGTA	4022	3	0.9994366197183099	TATTATCAGCTGGTATTTTTGGTGCTGACC TATTGTCAGCAGGCATCTTTGGTGCTGACC TTCTCTCAGCAGGCATCTTTGGTGCACAAC	2	1.0	GTTGTCTTCTAAATGGACACAATTTGGC GTTGTGTTTTAAGCGGACACAATCTTGC	{3884} {3884}
6.534911090344213	2625	2805	180	2625	3	0.9994366197183099	CTGACTCCATCATCATTGGTGGAGCTAAAC CTGACTCTATCATTATTGGTGGAGCTAAAC CTGATTCCATCGTCATTGGTGGTGCAAAAC	2775	4	0.9994366197183099	TCTTCCTTGATGGAGAAACTTTGCCTACAG TCTTCTTAGAGGGAGAAACACTTCCCACAG TTTTCTTAGAAGGAGAAACACTCCCTACGG TTTTCTTAGAGGGAGAAACACTTCCTACAG	3	0.9994366197183099	AAGCCTTGAATTTAGGTGAAACATTTGT GCTGTGAATTTGGGTGAAACATTTATTG TTAAAGCTTTGAATTTGGGAGAAACCTT	{2658} {2660} {2655}
6.535466666009797	4502	4732	230	4502	4	0.9994366197183099	GTGGCACTACCGAAATGCTTGCTAAAGCTT GTGGCACTACTGAAATGCTAGCGAAAGCTT GTGGTACTACAGAAATGCTTGCAAAGGCAT GTGGTACTACCGAAATGCTTACAAAAGCAT	4702	3	0.9994366197183099	AACTTGCGAGAGATGCTCGCACATGCAGAA AACTTGCGTGAAATGCTTACGCATGCTGAA AATTTGCGAGAAATGCTTGCACATGCAGAA	2	0.9994366197183099	AAAACAGCTCTTAAGAAGAGTAAGAGTG GGTCAGGGTTTAAATGGTTACACTGTAG	{4609} {4573}
6.559088504066715	3809	4052	243	3809	4	0.9994366197183099	AGCTACAAACAACGCTATGCAAGTAGAATC AGCTACTAACAACGCTATGCAAATTGAGTC GGCAACTAACAACGCCATGCAGGTTGAATC GGCTACTAACAATGCCATGCAAGTTGAATC	4022	3	0.9994366197183099	TATTATCAGCTGGTATTTTTGGTGCTGACC TATTGTCAGCAGGCATCTTTGGTGCTGACC TTCTCTCAGCAGGCATCTTTGGTGCACAAC	2	1.0	AGTTGTGTTTTAAGCGGACACAATCTTG GACCACTAAACGTGGGTGGTAGTTGTCT	{3883} {3863}
6.569430266661922	2210	2459	249	2210	4	0.9994366197183099	CTAGAAACTGCTCACCATTCTGTGCATGTC CTTGAAACTGCTCAAAATTCTGTGCGTGTT CTTGAAACTGCTCAACACTCAGTTCGTGTC CTTGAAACTGCTCAACACTCTGTGCGTGTC	2429	3	0.9994366197183099	AAACCCGTCCTTGATTGGCTTGAAGAGAAG AAACCGGTTCTTGATTGGCTCGAAGAGAAA AAACCTATTCTTGACTGGCTTGAAGAGAAG	2	1.0	ACAGTATTCACTGAGACTCATTGATGCT TGGACGGAATTTCACAGTACTCACTCAG	{2278} {2265}
6.574478667660241	3341	3497	156	3341	3	0.9994366197183099	GAAGATGAAGGGGAAGATGATTGTGAAGAA GAGGATGAAGAAGAAGGTGATTGTGAAGAA GAGGATTATGAAGAAGAATACAGCGAAGAG	3467	4	0.9994366197183099	CAAATAGAAGAAGAACCAGAGGAAGATTGG CAACAACAGGAAGAACAAGAAGAAGATTGG CAACCTGAAGAAGAGCAAGAAGAAGATTGG TCACAGGAAGAAGAACAAGAAGAGGATTGG	4	1.0	CTGAACAACCAACTCAATATGAGTATGG GAAGAGTTTGAGCCATCAACTCAATATG GAAGATGATTACCAAGGTAAATCTTTGG TACCAAGGTAAACCTTTGGAGTTTGGTG	{3378} {3371} {3410} {3419}
6.588873809953941	3170	3372	202	3170	4	0.9994366197183099	GCCTGTGTTGTGGCAGATGCTGTCATAAAA GCTTGTGTTGTAGCTGAGGCAGTAATAAAG GCTTGTGTTGTCGCTGATGCTGTTATAAAG GCTTGTGTTGTTGCTGATGCTGTCATAAAA	3342	3	0.9994366197183099	AAGATGAAGGGGAAGATGATTGTGAAGAAG AGGATGAAGAAGAAGGTGATTGTGAAGAAG AGGATTATGAAGAAGAATACAGCGAAGAGG	3	1.0	ACTTATTTGATGAGTCTGGTGAGTTTAA GTTTCAGAATTACTTACACCGCTAGGCA TACTTGTTTGATGAGTCCGGTGAATTTA	{3273} {3212} {3272}
6.604299245246692	6419	6628	209	6419	3	0.9994366197183099	ACTGGTTATAAGAAACCTGCTTCAAGAGAG TCTGGTTATAAGAAACCTGCTTCGAGAGAG TCTGGTTATAAGAAGCCTGCTTCTCGTGAG	6598	4	0.9994366197183099	ACCAAACACTTGGTGTATACGCTGTCTCTG ACCAAATACCTGGTGTATACGTTGTCTTTG ACCAAATACTTGGTGCATACGTTGTCTTTG ACCAAATACTTGGTGCTTACGTTGTCTTTG	3	1.0	CTTAAAGTTACATTTTTCCCTGACTTAA CTTAAGATTACTTTTTTTCCTGACTTGA CTTTTAAGAAAGGAGCTAAATTGTTGCA	{6449} {6449} {6519}
6.695426686365171	29129	29329	200	29129	4	0.9994366197183099	GAACCTAAATTAGGCAGTCTCGTAGTACGT GAACCTAAATTAGGTAGTCTCGTAGTACGG GAACCTAAATTAGGTAGTCTCGTAGTTCGT GAACCTAAATTGGGTAGTCTTGTAGTGCGT	29299	3	1.0	GATTCAACTGGCAGTAACCAGAATGGAGAA GATTCAAGTGACAATAGCAAAAACGGAGAG GATTCGACTGACAATAACCAGAATGGAGAC	4	0.9994366197183099	GTTCGTTCTATGAAGACTTTTTAGAGTA TGTTCGTATTATGAAGACTTTCTAGAGT TGTTCGTTCTATGAAGACTTTGTTGATT TGTTCGTTCTATGAGGACTTTTTAGAGT	{29160} {29159} {29159} {29159}
7.059379969342407	6875	7012	137	6875	4	0.9994366197183099	GGCTGCTTATGTAGAAAGTTCTAGTCTTAC GGCTGCTTATGTAGACAATACTAGTCTAAC GGCTGCTTATGTAGACAATTCTAGTCTTAC GGCTGCTTATGTTGACAATTCAAGTCTTAC	6982	4	0.9994366197183099	GTGTCCCTTGGGATACTATAGCTAATTATG GTGTCCCTTGGGATACTATAGTCAACTATG GTGTCCCTTGGGATACTATTGTTACTTATG GTGTTCCTTGGGACACTATAGCTAATTATG	3	1.0	ACCCAATGAATTATCAGTAATGTTGGGT ACCTAATGAGTTGTCTAGAGTGTTAGGT TAATGAATTATCTAGAGTATTAGGTTTG	{6914} {6914} {6917}
7.205916028494806	9292	9438	146	9292	4	0.9994366197183099	ATGCCCATTAGTAGCAGCTGTCATAACAAG TTGCCCATTGATTGCTGCAGTCATAACAAG TTGCCCATTGGTAGCAGCTGTTATCACAAG TTGTCCAATTGTGGCTGCCGTCATAACTCG	9408	4	0.9994366197183099	TCAGTGCAGTTGGCAACATCTGCTATACAC TTAGTGCAGTTGGTAACATCTGTTACACAC TTAGTGCGGTAGGTAACATTTGTTACACTC TTAGTGCTGTTGGCAATATTTGCTACACAC	4	0.9988732394366198	GAAGTGGGTTTTGTCGTGCCTGGTTTGC GAGGTGGGTTTTGTTGTACCTGGTTTAC GATGTAGGATTTGTAGTTCCTGGTTTAC GCCCGGTTTGCCTGGCACAATATTACGC	{9323} {9323} {9323} {9340}
7.4600219161711365	5127	5377	250	5127	5	0.9994366197183099	CCTATTCAGGACAGGCTACTGAATTAGGTA CCTATTCTGGACAATCAACACAACTTGGTA CCTATTCTGGACAATCTACACAACTAGGTA CTTATTCTGGACAGTCTACACAACTAGGCA CTTATTCTGGACAGTCTACAGAACTAGGTA	5347	3	0.9994366197183099	AATGACATATGGACAACAGTTTGGTCCAAC TATGACATATGGACAACAGTTCGGCCCAAC TATGACTTATGGACAACAGTTTGGTCCAAC	4	0.9994366197183099	ATCTTAAGACAATTCTCTCTTTGAGGGA CTATTGCTTTTCATACAGAGGGTCAAAT GGATGGTGAGGTTATCAACATTGACAGT TTTGACAATCTTAAGATACTTCTCTCTT	{5250} {5208} {5224} {5243}
7.571121916171137	1870	2120	250	1870	3	0.9994366197183099	TGTGGGAGAAGGTTCTGAAAGTCTCAATGA TGTTGGAGAAGGTTCCGAAGGTCTTAATGA TGTTGGAGAAGGTTCTGAAAGTCTAAACGA	2090	5	0.9994366197183099	ACAAAAGGAAAAGCTAAAAAAGGTGCCTGG ACCAAAGGCAAAGCTAAGAAGGGTGCTTGG ACCAAGGGAAAATTCAAGAAGAATGCTTGG ACGAAGGGAAAAGCAAAGAAAGGTGCCTGG ACTAAAGGAAAGGCTAAGAAGGGTGCCTGG	5	0.9994366197183099	CTTCTTGAAATATTGCAAAAGGAGAAAG GTGAAAGGTTTGGATTATAAAGTATTCA TCGTGGAAACTGTGAAGGGCTTGGATTA TCGTGGAAACTGTGAAGGGCTTGGATTG TTTTGTGGAAACTGTGACAGGTTTGGAT	{1904} {2027} {2016} {2016} {2014}
7.85466788931984	29857	30032	175	29857	5	0.9994366197183099	GCTAGAATGGCTGGCAATGGCGGTGACACT GCTAGAATGGCTGGCAATGGCGGTGATGCT GCTAGGATGGCTGGCAATGGCAGTGATGCT GCTAGGATGGCTGGCAATGGTGGTGATGCT GCTCGAATTGCTGGCAATGGTGGTGATGCT	30002	4	0.9994366197183099	AAAAGCCTCGCCAAAAACGTACTGCCACAA AGAAACCTCGCCAAAAACGTACTGCCACTA AGAAACCTCGGCAAAAACGTACTGCCACCA AGAAGCCTCGGCAAAAACGTACTGCCACTA	3	0.9994366197183099	GCTCTTGCTTTGCTGCTGCTAGATAGGT GCTCTTGCTTTGCTGCTGCTTGACAGGT TTGATCGGTTGAATGCACTTGAGAGCAA	{29887} {29887} {29906}
8.123329642842771	22612	22860	248	22612	5	0.9994366197183099	CACAAAGAGGTGTTTATTACCCTGACACAA CCACCCGTGGTGTCTATTACCCTGACAAAG CTACTAGAGGTGTCTATTATCCAGACAAAG CTCAAAGAGGTGTTTATTATCCTGACACCA TCACACGTGGTGTTTATTACCCTGACAAAG	22830	4	0.9994366197183099	GGCTGGATCTTTGGAACAACTCTTGACAAC GGCTGGATTTTTGGTACTACTTTAGATTCG GGTTGGATCTTTGGAACGACTCTTGACAAC GGTTGGATTTTTGGAACAACACTTGATGCC	4	0.9994366197183099	ACACACTAGTGCTTAGTCAGGGTTATTT AGTTTTACATTCAACTCAGGACTTGTTC GACCTTTTCTTACCTTTCTTTTCTAATG GCCAGGGTTACTTTCTACCATTTTATTC	{22654} {22655} {22674} {22669}
8.591223411032157	22612	22815	203	22612	5	0.9994366197183099	CACAAAGAGGTGTTTATTACCCTGACACAA CCACCCGTGGTGTCTATTACCCTGACAAAG CTACTAGAGGTGTCTATTATCCAGACAAAG CTCAAAGAGGTGTTTATTATCCTGACACCA TCACACGTGGTGTTTATTACCCTGACAAAG	22785	5	0.9994366197183099	GACGGCATATACTTTGCTGCCACTGAACAC GACGGCATATATTTTGCTGCCACTGAAAAC GATGGCGTCTATTTTGCTTCCACTGAGAAG GATGGTGTTTACTTTGCCTCCACGGAAAAG GATGGTGTTTATTTTGCTTCCACTGAGAAG	3	0.9988732394366198	AGTTTTACATTCAACTCAGGACTTGTTC CACTTGTGCTCAGCCAGGGTTATTTTCT GACCTTTTCTTACCTTTCTTTTCTAATG	{22655} {22657} {22674}
