cost	target-start	target-end	target-length	left-primer-start	left-primer-num-primers	left-primer-frac-bound	left-primer-target-sequences	right-primer-start	right-primer-num-primers	right-primer-frac-bound	right-primer-target-sequences	num-guides	total-frac-bound-by-guides	guide-target-sequences	guide-target-sequence-positions
2.7537729313414405	26693	26795	102	26693	1	0.9957537154989384	CGTTTCGGAAGAAACAGGTACGTTAATAGT	26765	1	0.9957537154989384	AGTCACACTAGCCATCCTTACTGCGCTTCG	2	0.9915074309978769	CGTACTTCTTTTTCTTGCTTTCGTGGTA GTACTTCTTTTTGTTGCTTTCGTGGTAT	{26729} {26730}
2.8031885273623995	13586	13695	109	13586	1	0.9936305732484076	GTCTGCGGAATGTGGAAAGGTTATGGCTGT	13665	1	0.9978768577494692	ACGTTTTTAAACGGGTTTGCGGTGTAAGTG	2	0.9957537154989384	AGTTGTGACCAACTCCGCGAACCCATGA AGTTGTGATCAACTCCGCGAACCCTTGA	{13616} {13616}
2.93097901698314	26693	26826	133	26693	1	0.9957537154989384	CGTTTCGGAAGAAACAGGTACGTTAATAGT	26796	1	0.9978768577494692	TTGTGTGCGTACTGCTGCAATATTGTTAAC	2	0.9957537154989384	AGCGTACTTCTTTTTCTTGCTTTCGTGG GGTATTCTTGCTAGTTACACTAGCCATC	{26727} {26753}
3.071432422683972	26558	26778	220	26558	1	0.9957537154989384	GACTACTAGCGTGCCTTTGTAAGCACAAGA	26748	1	0.9936305732484076	TTCGTGGTATTCTTGCTAGTCACACTAGCC	1	0.9936305732484076	ACGTTAATAGTTAATAGCGTACTTCTTT	{26712}
3.1265219161711366	26558	26808	250	26558	1	0.9957537154989384	GACTACTAGCGTGCCTTTGTAAGCACAAGA	26778	1	0.9978768577494692	ATCCTTACTGCGCTTCGATTGTGTGCGTAC	1	0.9936305732484076	ACGTTAATAGTTAATAGCGTACTTCTTT	{26712}
3.1764647304037195	30774	30991	217	30774	1	0.9915074309978769	CACCAACAGAGCCTAAAAAGGACAAAAAGA	30961	1	0.9957537154989384	GACCACACAAGGCAGATGGGCTATGTAAAC	2	0.9957537154989384	CATGAGTGGAGCTTCTGCTGATTCAACT GCAGAGACAGAAGAAACAGCAAACTGTG	{30913} {30832}
3.646466666009797	13586	13731	145	13586	1	0.9936305732484076	GTCTGCGGAATGTGGAAAGGTTATGGCTGT	13701	2	0.9915074309978769	GTCTTACACCGTGCGGCACAGGCACAAGCA GTCTTACACCGTGCGGCACAGGCACTAGTA	2	0.9957537154989384	AGTTGTGACCAACTCCGCGAACCCATGA AGTTGTGATCAACTCCGCGAACCCTTGA	{13616} {13616}
3.751623285568201	29838	29957	119	29838	2	0.9978768577494692	GGTTCACAGCTCTCACTCAGCATGGCAAGG GGTTCACCGCTCTCACTCAACATGGCAAGG	29927	1	0.9936305732484076	GACCAAATTGGCTACTACCGAAGAGCTACC	4	0.9978768577494692	AAGGACTCAAATTCCCTCAAGGCCAGGG CCTTAAATTCCCTCGAGGACAAGGCGTT CCTTAGATTCCCTCGAGGACAAGGTGTT CTTAGATTCCCTCGAGGCCAGGGCGTTC	{29868} {29872} {29872} {29873}
3.9684433771173464	27469	27558	89	27469	2	0.9978768577494692	CTGTGGCTACATCACGAACGCTTTCTTATT CTGTGGCTACATCCCGGATGCTTTCTTATT	27528	2	0.9936305732484076	ACTGATTCAGGTTTTGCTGCATACAACCGC GGTGACTCAGGTTTTGCTGCATACAGTCGC	2	0.9957537154989384	ACAAATTGGGAGCTTCGCAGCGTGTAGC CAAATTAGGAGCTTCGCAGCGTGTAGGC	{27499} {27500}
4.123229642842771	29940	30047	107	29940	2	0.9936305732484076	ACTACCGAAGAGCTACCAGACGAATTCGTG ACTACCGAAGAGCTACCCGACGAGTTCGTG	30017	2	0.9915074309978769	TACCTAGGAACTGGCCCAGAAGCTTCACTT TACCTAGGAACTGGGCCAGAAGCTGGACTT	2	0.9978768577494692	GTGACGGCAAAATGAAAGAGCTCAGCCC GTGGTGACGGTAAAATGAAAGATCTCAG	{29973} {29970}
4.3279079683607335	29838	29987	149	29838	2	0.9978768577494692	GGTTCACAGCTCTCACTCAGCATGGCAAGG GGTTCACCGCTCTCACTCAACATGGCAAGG	29957	2	1.0	AGACGAATTCGTGGTGGTGACGGTAAAATG CGACGAGTTCGTGGTGGTGACGGCAAAATG	2	0.9978768577494692	AAGGACTCAAATTCCCTCAAGGCCAGGG CCAAATTGGCTACTACCGAAGAGCTACC	{29868} {29929}
4.352178667660241	27469	27625	156	27469	2	0.9978768577494692	CTGTGGCTACATCACGAACGCTTTCTTATT CTGTGGCTACATCCCGGATGCTTTCTTATT	27595	2	0.9978768577494692	CCAGTAGCAGTGACAATATTGCTTTGCTTG CCGGTAGCAACGACAATATTGCTTTGCTAG	2	0.9957537154989384	ACAAATTGGGAGCTTCGCAGCGTGTAGC CAAATTAGGAGCTTCGCAGCGTGTAGGC	{27499} {27500}
4.362026686365172	30172	30302	130	30172	2	0.9978768577494692	AGGAACAACATTGCCAAAAGGCTTCTACGC AGGAACAGCTTTGCCTAAAGGTTTCTACGC	30272	2	0.9915074309978769	TCAACTCCAGGCAGCAGTAGGGGAACTTCT TCAACTCCTGGCAGCAGTAGGGGAAATTCT	3	0.9957537154989384	AGAGGGAAGCAGAGGCGGCAGTCAAGCC AGGAATGGTAGTCAAGCCTCTTCTCGCT CTCATCACGTAGTCGCGGTAATTCAAGA	{30202} {30212} {30241}
4.379840537842753	30669	30803	134	30669	3	0.9915074309978769	CATGGCTGACTTACACAGGTGCCATCAAGC CATGGCTGACTTATCATGGAGCCATTAAAT CGTGGTTGACCTACACAGGTGCCATCAAAT	30773	1	0.9915074309978769	CCACCAACAGAGCCTAAAAAGGACAAAAAG	3	0.9957537154989384	AAGCTTCAAAGACAACGTCATACTGCTG TCAAATTTCAAAGATCAAGTCATTTTGC TGGATGACAAAGATCCACAATTCAAAGA	{30715} {30713} {30699}
4.395818128345179	29927	30097	170	29927	1	0.9936305732484076	GACCAAATTGGCTACTACCGAAGAGCTACC	30067	3	0.9915074309978769	AGGCATCGTATGGGTCGCAACTGAGGGAGC AGGCATCGTATGGGTTGCAACTGAGGGAGC CGGCATCATATGGGTTGCAACTGAGGGAGC	2	0.9978768577494692	GTGACGGCAAAATGAAAGAGCTCAGCCC GTGGTGACGGTAAAATGAAAGATCTCAG	{29973} {29970}
4.412843377117347	30871	31047	176	30871	2	0.9936305732484076	TGCGGCTGACATGGATGATTTCTCCAGACA TGCTGCAGATTTGGATGATTTCTCCAAACA	31017	2	0.9915074309978769	TAGTCTACTCTTGCGTAGAATGAGTTCTCG TAGTCTACTCTTGTGCAGAATGAATTCTCG	2	0.9915074309978769	CTATGTAAACGTTTTCGCAATTCCGTTT TAAACGTTTTCGCTTTTCCGTTTACGAT	{30981} {30986}
4.4298743921808805	13462	13695	233	13462	3	0.9915074309978769	CCGTTGCCACATAGATCATCCAAATCCTAA TAGATGCCACATAGATCATCCTAACCCTAA TAGATGCCACATTGACCATCCAAATCCTAA	13665	1	0.9978768577494692	ACGTTTTTAAACGGGTTTGCGGTGTAAGTG	1	0.9978768577494692	GGAAAGGTTATGGCTGTAGTTGTGACCA	{13599}
4.431626723086379	30808	30991	183	30808	3	0.9915074309978769	GACTGACGAAAGCCAGCCTTTACCGCAGAG GACTGATGAAGCTCAGCCTTTGCCGCAGAG GGCTGATGAAACTCAAGCCTTACCGCAGAG	30961	1	0.9957537154989384	GACCACACAAGGCAGATGGGCTATGTAAAC	2	0.9915074309978769	CAGAAGAAACAACAAACTGTGACTCGTC CATGAGTGGAGCTTCTGCTGATTCAACT	{30839} {30913}
4.435385705661208	30774	30922	148	30774	1	0.9915074309978769	CACCAACAGAGCCTAAAAAGGACAAAAAGA	30892	3	0.9936305732484076	CTCCAAACAATTGCAACAATCCATGAGCAG CTCCAGACAACTTCAAAATTCCATGAGTGG CTCTAGACAACTTCAAAAATCCATGAGTGG	3	0.9936305732484076	CCACTGTGACTCTTCTGCCTGCGGCTGA CCGCAGAGACAAAAGAAGCAGCCCACTG GCAGAGACAGAAGAAACAGCAAACTGTG	{30852} {30830} {30832}
4.449370128054922	30411	30601	190	30411	2	0.9936305732484076	GCCAAACTGTCACTAAGAAATCTGCTGCTG GCCAAACTGTCACTAAGAAATCTGCTTCAG	30571	2	0.9957537154989384	TGATTACAAACATTGGCCGCAAATTGCACA TGATTATAAACACTGGCCGCAAATAGCACA	2	0.9915074309978769	AGGCATCTAAAAAGCCTCGACAAAAACG GTGGTCCAGAACAAACCCAAGGAAATTT	{30441} {30513}
4.523848055426138	30808	31032	224	30808	3	0.9915074309978769	GACTGACGAAAGCCAGCCTTTACCGCAGAG GACTGATGAAGCTCAGCCTTTGCCGCAGAG GGCTGATGAAACTCAAGCCTTACCGCAGAG	31002	1	0.9936305732484076	TCCGTTTACGATACATAGTCTACTCTTGTG	2	0.9915074309978769	CAGAAGAAACAACAAACTGTGACTCGTC CATGAGTGGAGCTTCTGCTGATTCAACT	{30839} {30913}
4.533475410741901	27469	27698	229	27469	2	0.9978768577494692	CTGTGGCTACATCACGAACGCTTTCTTATT CTGTGGCTACATCCCGGATGCTTTCTTATT	27668	2	0.9978768577494692	GATGTTTCATCTCGTTGACTTTCAGGTTAC GATGTTTCATCTTGTTGACTTCCAGGTTAC	2	0.9957537154989384	ACAAATTGGGAGCTTCGCAGCGTGTAGC CAAATTAGGAGCTTCGCAGCGTGTAGGC	{27499} {27500}
4.537246828807646	26480	26711	231	26480	3	0.9936305732484076	TGTCCAAATTCACACAATCGACGGTTCATC TGTGCAAATACACACAATCGACGGCTCTTC TGTTCAAATTCACACAATCGACGGCTCATC	26681	1	1.0	TATGTACTCATTCGTTTCGGAAGAAACAGG	2	0.9978768577494692	GGAGTTGCTAATCCAGCAATGGATCCAA GGAGTTGTAAATCCAGCAATGGATCCAA	{26511} {26511}
4.552985737400776	371	558	187	371	1	0.9957537154989384	GAAAACACACGTCCAACTCAGTTTGCCTGT	528	3	0.9915074309978769	CAACTCGAACAGCCCTATGTGTTTGTCAAA CAACTTGAACAGCCCTATGTGTTCATCAAA CAGCTTGAACAGCCCTATGTGTTCATTAAA	3	0.9957537154989384	CGACGTGCTCGTACGTGGCTTTGGAGAC TCAGGTTAGAGACGTGCTAGTGCGTGGC TCCAGGTTAGAGACGTGCTAGTACGTGG	{413} {404} {403}
4.55723196905215	26796	27038	242	26796	1	0.9978768577494692	TTGTGTGCGTACTGCTGCAATATTGTTAAC	27008	3	0.9915074309978769	ACTCCTGGAACAATGGAACCTAGTAATAGG GCTCCTTGAACAATGGAACCTAGTAATAGG GCTCTTAGAACAATGGAACCTAGTAATAGG	2	0.9872611464968153	GTGAGTTTAGTAAAACCAACGGTTTACG TTTGGAACTTTAATTTTAGCCATGGCAG	{26826} {26943}
4.560735466635868	30172	30416	244	30172	2	0.9978768577494692	AGGAACAACATTGCCAAAAGGCTTCTACGC AGGAACAGCTTTGCCTAAAGGTTTCTACGC	30386	2	0.9915074309978769	TCTGGTAAAGGCCAACAACAACAAGGCCAA TCTGGTAAAGGCTCACAACAACAGAGCCAA	2	0.9957537154989384	AGAGGGAAGCAGAGGCGGCAGTCAAGCC CACCTGGCAGCAGTAGGGGAAATTCTCC	{30202} {30276}
4.565364373321448	14706	14898	192	14706	2	0.9915074309978769	GAGCTAGGTGTTGTACATAATCAGGATGTA GAGTTAGGAGTCGTACATAATCAGGATGTA	14868	2	0.9915074309978769	AATGTCTCTTTTCAAACTGTCAAACCCGGT AATGTTGCTTTTCAAACTGTCAAACCCGGT	3	0.9957537154989384	ATACATAGCTCGAGACTTAGTTTTAAGG TAGACTTAGTTTTAAGGAATTACTTGTG TCAGTTTCAAGGAACTTTTAGTGTATGC	{14739} {14750} {14755}
4.646466666009798	328	558	230	328	1	0.9915074309978769	GACCGAAAGGTAAGATGGAGAGCCTTGTTC	528	3	0.9915074309978769	CAACTCGAACAGCCCTATGTGTTTGTCAAA CAACTTGAACAGCCCTATGTGTTCATCAAA CAGCTTGAACAGCCCTATGTGTTCATTAAA	3	0.9893842887473461	CGACGTGCTCGTACGTGGCTTTGGAGAC CTGTTTTACAGGTTCGCGACGTGCTCGT GGAATCAACGAGAAAACACACGTCCAAC	{413} {397} {360}
4.656522420167963	26481	26572	91	26481	4	0.9936305732484076	GTCCAAATTCACACAATCGACGGTACATCT GTCCAAATTCACACAATCGACGGTTCATCC GTGCAAATACACACAATCGACGGCTCTTCA GTTCAAATTCACACAATCGACGGCTCATCA	26542	1	0.9957537154989384	ATGATGAGCCGACGACGACTACTAGCGTGC	2	0.9978768577494692	GGAGTTGCTAATCCAGCAATGGATCCAA GGAGTTGTAAATCCAGCAATGGATCCAA	{26511} {26511}
4.685578667660241	30580	30688	108	30580	2	0.9957537154989384	ACACTGGCCGCAAATAGCACAGTTTGCTCC ACATTGGCCGCAAATTGCACAATTTGCTCC	30658	3	0.9957537154989384	ACCTTCGGGAACATGGCTGACTTACACAGG ACCTTCGGGAACATGGCTGACTTATCATGG ACCTTCGGGAACGTGGTTGACCTACACAGG	1	0.9915074309978769	TTGGAATGTCACGCATTGGCATGGAAGT	{30627}
4.737743765448655	30025	30198	173	30025	2	0.9957537154989384	AACTGGCCCAGAAGCTTCACTTCCCTACGG AACTGGGCCAGAAGCTGGACTTCCCTATGG	30168	2	0.9978768577494692	CTCAAGGAACAACATTGCCAAAAGGCTTCT CTCAAGGAACAGCTTTGCCTAAAGGTTTCT	5	0.9936305732484076	AGGGAGCCTTGAATACACCAAAAGATCA ATATGGGTCGCAACTGAGGGAGCCTTGA GTATGGGTCGCAACTGAGGGCGCCTTGA GTATGGGTTGCAACTGAGGGAGCCTTGA GTATGGGTTGCAACTGAGGGTGCCTTGA	{30090} {30074} {30074} {30074} {30074}
4.849332422683973	30509	30609	100	30509	3	0.9915074309978769	AGACGTGGTCCAGAACAAACCCAAGGAAAC AGACGTGGTCCAGAACAAACCCAAGGAAAT CGACGTGGTCCAGATCAAACTCAAGGAAAC	30579	2	0.9957537154989384	AACACTGGCCGCAAATAGCACAGTTTGCTC AACATTGGCCGCAAATTGCACAATTTGCTC	3	0.9936305732484076	GACCTAATCAGACAAGGAACTGATTACA GACCTAATCAGACAAGGAATTGATTACA TTGGGGACCAACAACTAATCAGACAAGG	{30551} {30551} {30540}
4.862823285568202	29978	30097	119	29978	2	0.9978768577494692	GGCAAAATGAAAGAGCTCAGCCCCAGATGG GGTAAAATGAAAGATCTCAGTCCAAGATGG	30067	3	0.9915074309978769	AGGCATCGTATGGGTCGCAACTGAGGGAGC AGGCATCGTATGGGTTGCAACTGAGGGAGC CGGCATCATATGGGTTGCAACTGAGGGAGC	2	0.9957537154989384	ACCTAGGAACTGGCCCAGAAGCTTCACT TACCTAGGAACTGGGCCAGAAGCTGGAC	{30018} {30017}
4.990985705661207	30388	30536	148	30388	2	0.9915074309978769	TGGTAAAGGCCAACAACAACAAGGCCAAAC TGGTAAAGGCTCACAACAACAGAGCCAAAC	30506	3	0.9915074309978769	GGCAGACGTGGTCCTGAACAAACCCAAGGA GGGAGACGTGGTCCAGAACAAACCCAAGGA GGGCGACGTGGTCCAGATCAAACTCAAGGA	2	0.9893842887473461	GTCACTAAGAAATCTGCTGCTGAGGCAT GTCACTAAGAAATCTGCTTCAGAGGCAT	{30419} {30419}
5.0	27437	27625	188	27437	3	0.9915074309978769	CTGTGACATCAAGGACCTGCCTAAAGAAAT CTGTGACATTAAGGACCTGCCAAAAGAGAT CTGTGATATTAAGGACCTGCCAAAGGAGAT	27595	2	0.9978768577494692	CCAGTAGCAGTGACAATATTGCTTTGCTTG CCGGTAGCAACGACAATATTGCTTTGCTAG	1	0.9978768577494692	ACTGTGGCTACATCACGAACGCTTTCTT	{27468}
5.025488527362399	15518	15676	158	15518	3	0.9936305732484076	AAAATGTGACAGAGCCATGCCTAACATGCT AAAGTGTGACAGAGCCATGCCTAATATGCT TAAATGTGATAGAGCCATGCCTAACATGCT	15646	2	0.9915074309978769	TAAGTGAGATGGTCATGTGTGGCGGCTCAC TGAGTGAAATGGTCATGTGTGGCGGTTCAC	2	0.9893842887473461	GTTGTAGCTTGTCACACCGTTTCTATAG TAGGATAATGGCCTCTCTTGTTCTTGCT	{15592} {15548}
5.07676788931984	29971	30146	175	29971	2	0.9957537154989384	TGGTGACGGCAAAATGAAAGAGCTCAGCCC TGGTGACGGTAAAATGAAAGATCTCAGTCC	30116	3	0.9957537154989384	CACATTGGCACCCGCAATCCAAACAACAAT CACATTGGCACCCGCAATCCTAATAACAAT CACATTGGCACCCGCAATCCTGCTAACAAT	2	0.9872611464968153	ACCTAGGAACTGGCCCAGAAGCTTCACT GTATGGGTTGCAACTGAGGGAGCCTTGA	{30018} {30074}
5.087728507007025	12479	12658	179	12479	2	0.9936305732484076	GATGGCAGATCAGGCTATGACCCAAATGTA GATGGCTGATCAAGCTATGACCCAAATGTA	12628	3	0.9957537154989384	GAGACGGTTGTGTTCCACTGAACATAATCC GAGATGGTTGTGTTCCCTTGAACATAATAC GTGATGGTTGTGTTCCACTCAACATCATAC	2	1.0	AACGATGCTTTTCACTATGCTTAGAAAA ATCTGAGGACAAGAGGGCAAAAGTAACT	{12560} {12521}
5.100922420167963	27136	27258	122	27136	3	0.9936305732484076	GGCCAGTAACACTCGCTTGCTTTGTGCTTG GGCCAGTAACACTTGCTTGTTTTGTGCTTG GGCCAGTAACTTTAGCTTGTTTTGTGCTTG	27228	2	0.9936305732484076	GGCTTGATGTGGCTCAGCTACTTCATTGCT GGCTTGATGTGGCTTAGCTACTTCGTTGCT	4	0.9915074309978769	AGAATAAATTGGATCACCGGTGGAATTG CGGCGGAATTGCGATTGCAATGGCTTGT CTGCTGTCTACAGAATTAATTGGGTGAC CTGCTGTTTACAGAATCAATTGGATTAC	{27177} {27194} {27166} {27166}
5.121519948987033	27378	27625	247	27378	3	0.9936305732484076	GTAATCGGAGCTGTGATCCTTCGTGGACAT GTCATCGGTGCTGTGATCCTCAGAGGACAC GTCATTGGTGCTGTGATCATTCGTGGTCAC	27595	2	0.9978768577494692	CCAGTAGCAGTGACAATATTGCTTTGCTTG CCGGTAGCAACGACAATATTGCTTTGCTAG	1	0.9978768577494692	ACTGTGGCTACATCACGAACGCTTTCTT	{27468}
5.123229642842771	13467	13621	154	13467	4	0.9978768577494692	GCCACATAGATCATCCAAATCCTAAAGGAT GCCACATAGATCATCCTAACCCTAAAGGTT GCCACATTGACCATCCAAATCCTAAAGGAT GCCACATTGATCATCCAAATCCTAAGGGAT	13591	1	0.9957537154989384	CGGAATGTGGAAAGGTTATGGCTGTAGTTG	3	1.0	CCTGTGCTAATGACCCAGTGGGTTTCAC CTGTGCTAATGACCCTGTGGGTTTCACA CTTGTGCTAATGACCCAGTGGGTTTTAC	{13536} {13537} {13536}
5.135214134296109	30019	30148	129	30019	2	0.9915074309978769	CCTAGGAACTGGCCCAGAAGCTTCACTTCC CCTAGGAACTGGGCCAGAAGCTGGACTTCC	30118	3	0.9957537154989384	CATTGGCACCCGCAATCCAAACAACAATGC CATTGGCACCCGCAATCCTAATAACAATGC CATTGGCACCCGCAATCCTGCTAACAATGC	4	0.9915074309978769	AGGGAGCCTTGAATACACCAAAAGATCA CTATGGTGCTAACAAAGAAGGCATCGTA GTATGGGTTGCAACTGAGGGAGCCTTGA GTATGGGTTGCAACTGAGGGTGCCTTGA	{30090} {30049} {30074} {30074}
5.161743925003943	27230	27396	166	27230	2	0.9936305732484076	CTTGATGTGGCTCAGCTACTTCATTGCTTC CTTGATGTGGCTTAGCTACTTCGTTGCTTC	27366	3	0.9915074309978769	GAAAGTGAACTCGTAATCGGAGCTGTGATC GAAAGTGAACTTGTCATTGGTGCTGTGATC GAGAGTGAACTCGTAATTGGAGCTGTGATC	3	0.9893842887473461	CAGGCTGTTTGCGCGCACCCGCTCGATG CTGTTTGCGCGTACGCGTTCCATGTGGT CTGTTTGCTCGTACCCGCTCAATGTGGT	{27263} {27267} {27267}
5.164753964378336	12954	13121	167	12954	4	0.9936305732484076	GCTTGCACTGATGACAATGCGTTAGCTTAC GCTTGTAATGAGGATAATGCATTAGCCTAC GCTTGTACTGATGACAATGCACTCGCCTAT GCTTGTACTGATGACAATGCACTTGCCTAC	13091	1	0.9957537154989384	AGAACTGGAACCACCTTGTAGGTTTGTTAC	3	0.9915074309978769	ACAACACAACAAAGGGAGGTAGGTTTGT CAACAACGCAAAGGGAGGTAGGTTTGTG GCTGGCATTACTATCAGACCACCAAGAT	{12985} {12986} {13013}
5.204171411322416	30175	30356	181	30175	2	0.9978768577494692	AACAACATTGCCAAAAGGCTTCTACGCAGA AACAGCTTTGCCTAAAGGTTTCTACGCAGA	30326	3	0.9936305732484076	GGTGAAACTGCCCTCGCGCTATTGCTGCTA GGTGATGCTGCCCTTGCTTTGCTACTGCTT GGTGATGCTGCTCTTGCTTTGCTGCTGCTT	3	0.9978768577494692	AGAGGCGGCAGTCAAGCCTCTTCTCGCT CTGGCAGCAGTAGGGGAAGTTCTCCTGC GGCAGTCAAGCTTCTTCACGCTCTTCAT	{30212} {30279} {30218}
5.20767439218088	30069	30302	233	30069	3	0.9936305732484076	GCATCATATGGGTTGCAACTGAGGGAGCCT GCATCGTATGGGTCGCAACTGAGGGAGCCT GCATCGTATGGGTTGCAACTGAGGGAGCCT	30272	2	0.9915074309978769	TCAACTCCAGGCAGCAGTAGGGGAACTTCT TCAACTCCTGGCAGCAGTAGGGGAAATTCT	2	0.9978768577494692	AAGGAACAACATTGCCAAAAGGCTTCTA CTCAAGGAACAGCTTTGCCTAAAGGTTT	{30171} {30168}
5.22393196905215	12425	12576	151	12425	2	1.0	TGTGGCAAAGTCTGAATTTGACCGTGATGC TGTGGCTAAATCTGAGTTTGACCGTGATGC	12546	3	1.0	ACTAGTGCAATGCAAACGATGCTTTTCACT ACTAGTGCTATGCAAACAATGCTCTTCACT ACTAGTGCTATGCAGACAATGCTTTTCACT	4	1.0	AAAGATGGCAGATCAGGCTATGACCCAA CAAATGTACAAGCAGGCAAGATCTGAAG GCAAGATCTGAAGACAAGAGGGCAAAAG GCACGGTCTGAAGACAAGAGGGCAAAAG	{12476} {12501} {12516} {12516}
5.229172960526724	13100	13345	245	13100	1	0.9936305732484076	ACCACCTTGTAGGTTTGTTACAGACACACC	13315	4	0.9957537154989384	GACTACCTAGCAAGTGGAGGACAACCAATA GATTACCTAGCAAGTGGAGGACAACCAATC GATTACTTAGCAAGTGGTGGACAACCAATC GATTATCTAGCTAGTGGGGGACAACCAATC	2	0.9978768577494692	CTACAAGCTGGTAATGCAACAGAAGTGC CTGGGCAGTTTAGCTGCTACAGTACGTC	{13224} {13197}
5.2309010878282045	533	779	246	533	3	0.9957537154989384	CGAACAGCCCTATGTGTTTGTCAAACGTTC TGAACAGCCCTATGTGTTCATTAAACGTTC TGAAGAGCCCTATGTGTTCATTAAACGATC	749	2	0.9915074309978769	CGGCGCCGATCTAAAGTCATTTGACTTAGG TGGCATCGATCTAAAGTCTTATGACTTAGG	2	1.0	CGCAATGTTCTTCTTCGTAAGAACGGTA GCAAGAACGGTAATAAGGGAGCTGGTGG	{696} {712}
5.279391578646307	30686	30899	213	30686	3	0.9915074309978769	GGAGCCATTAAATTGGATGACAAAGATCCA GGTGCCATCAAATTGGATGACAAAGATCCA GGTGCCATCAAGCTTGATGACAAAGATCCA	30869	2	0.9936305732484076	CCTGCGGCTGACATGGATGATTTCTCCAGA CCTGCTGCAGATTTGGATGATTTCTCCAAA	3	0.9957537154989384	AAAAAGACTGATGAAGCTCAGCCTTTGC AGCTTCAAAGACAACGTCATACTGCTGA CTGAATAAGCATATTGACGCATACAAAA	{30803} {30716} {30740}
5.348821916171137	27008	27258	250	27008	3	0.9915074309978769	ACTCCTGGAACAATGGAACCTAGTAATAGG GCTCCTTGAACAATGGAACCTAGTAATAGG GCTCTTAGAACAATGGAACCTAGTAATAGG	27228	2	0.9936305732484076	GGCTTGATGTGGCTCAGCTACTTCATTGCT GGCTTGATGTGGCTTAGCTACTTCGTTGCT	3	0.9936305732484076	CCTGGATTATGTTACTACAATTTGCCTA CTTGTTTTGTGCTTGCTGCTGTCTACAG TTTCCTATTTCTAACATGGATTTGTCTT	{27052} {27151} {27038}
5.359728706359164	533	732	199	533	3	0.9957537154989384	CGAACAGCCCTATGTGTTTGTCAAACGTTC TGAACAGCCCTATGTGTTCATTAAACGTTC TGAAGAGCCCTATGTGTTCATTAAACGATC	702	2	0.9957537154989384	GTTCTTCTCCGTAAGAATGGTAATAAGGGA GTTCTTCTTCGTAAGAACGGTAATAAGGGA	4	0.9978768577494692	CACATGTGGGCGAAACCCCAATTGCATA TACGGTCGTAGTGGTGAGACACTTGGTG TAGCGGTATAACACTGGGAGTCCTCGTG TTGAATTGGTGGCAGAACTCGATGGTGT	{667} {630} {638} {598}
5.388489493487164	30617	30715	98	30617	3	0.9915074309978769	TCAGCGTTCTTCGGAATGTCGCGCATTGGC TCTGCATTCTTCGGAATGTCGCGCATTGGC TCTGCATTCTTTGGAATGTCACGCATTGGC	30685	3	0.9957537154989384	AGGTGCCATCAAATTGGATGACAAAGATCC AGGTGCCATCAAGCTTGATGACAAAGATCC TGGAGCCATTAAATTGGATGACAAAGATCC	2	0.9957537154989384	ATGGAAGTCACACCTTCGGGAACATGGC GAAGTCACACCTTCGGGAACTTGGCTGA	{30647} {30650}
5.428116028494806	29891	29994	103	29891	4	0.9915074309978769	CAAGGCGTTCCAATTAACACCAATAGCAGT CAAGGTGTTCCGATTAACACCAATAGTACC CAGGGAGTTCCTATCAACACCAATAGTGGC CAGGGCGTTCCAATCAACACCAATAGTGGT	29964	2	0.9957537154989384	TTCGTGGTGGTGACGGCAAAATGAAAGAGC TTCGTGGTGGTGACGGTAAAATGAAAGATC	2	1.0	CCAAATTGGCTACTACCGAAGAGCTACC GGCTACTACAGAAGAGCTACCCGACGAG	{29929} {29936}
5.43162672308638	16901	17084	183	16901	3	0.9915074309978769	ATGGTATTGCCACTGTACGCGAAGTACTCT ATGGTATTGCCACTGTTCGTGAAGTACTGT ATGGTATTGCTACTGTACGTGAAGTGCTGT	17054	2	0.9978768577494692	TTGAAAAAGGTGACTATGGTGATGCTGTTG TTGAAAAGGGTGACTACGGTGACGCTGTTG	5	0.9936305732484076	ACAGAGAATTACATCTTTCATGGGAAGT GAACTTTACCTTTCGTGGGAGGTAGGAA GATAGAGAATTATATCTTTCTTGGGAAG GGAGGTTGGAAAACCTAGACCACCATTG TGGGAGGTGGGAAAACCAAGACCACCAT	{16934} {16939} {16933} {16956} {16954}
5.469988527362399	30334	30443	109	30334	4	0.9936305732484076	TGCCCTCGCGCTATTGCTGCTAGACAGACT TGCCCTCGCGCTATTGCTGCTAGACAGATT TGCCCTTGCTTTGCTACTGCTTGATCGGTT TGCTCTTGCTTTGCTGCTGCTTGACAGATT	30413	2	0.9936305732484076	CAAACTGTCACTAAGAAATCTGCTGCTGAG CAAACTGTCACTAAGAAATCTGCTTCAGAG	2	0.9936305732484076	TGAGAGCAAAATGTCTGGTAAAGGCCAA TGAGAGCAAAGTTTCTGGTAAAGGCCAA	{30373} {30373}
5.520014670640964	27389	27530	141	27389	4	0.9936305732484076	TGTGATCATTCGTGGTCACTTGCGAATGGC TGTGATCATTCGTGGTCATTTGCGGATGGC TGTGATCCTCAGAGGACACCTTCGCATTGC TGTGATCCTTCGTGGACATCTTCGTATTGC	27500	2	0.9915074309978769	CAAATTAGGAGCGTCGCAGCGTGTAGGCAC CAAATTGGGAGCTTCGCAGCGTGTAGCAGG	1	0.9978768577494692	ACTGTGGCTACATCACGAACGCTTTCTT	{27468}
5.545422420167963	30166	30257	91	30166	2	0.9978768577494692	TCCTCAAGGAACAACATTGCCAAAAGGCTT TCCTCAAGGAACAGCTTTGCCTAAAGGTTT	30227	4	0.9957537154989384	GCCTCTTCTCGCTCCTCATCACGTAGTCGC GCCTCTTCTCGCTCTTCATCACGTAGTCGC GCTTCTTCACGCTCTTCATCACGTAGTCGC TCTTCATCTCGCTCCTCATCACGTAGTCGC	4	0.9957537154989384	ACGCAGAAGGGAGCAGGAATGGTAGTCA ACGCAGAGGGAAGCAGAGGCGGCAGTCA CTACGCAGAAGGGAGCAGAGGCGGCAGT CTACGCAGAGGGGAGCAGAGGTGGCAGT	{30198} {30198} {30196} {30196}
5.593357335320481	27008	27140	132	27008	3	0.9915074309978769	ACTCCTGGAACAATGGAACCTAGTAATAGG GCTCCTTGAACAATGGAACCTAGTAATAGG GCTCTTAGAACAATGGAACCTAGTAATAGG	27110	3	0.9915074309978769	AAAGCTTGTTTTCCTCTGGCTCTTGTGGCC TAAGTTAATTTTCCTCTGGCTACTTTGGCC TAAGTTAATTTTCCTCTGGCTGTTATGGCC	2	0.9957537154989384	CCTGGATTATGTTACTACAATTTGCCTA TTCCTATTCCTTACATGGATTTGTCTTC	{27052} {27039}
5.612236002980723	30808	30922	114	30808	3	0.9915074309978769	GACTGACGAAAGCCAGCCTTTACCGCAGAG GACTGATGAAGCTCAGCCTTTGCCGCAGAG GGCTGATGAAACTCAAGCCTTACCGCAGAG	30892	3	0.9936305732484076	CTCCAAACAATTGCAACAATCCATGAGCAG CTCCAGACAACTTCAAAATTCCATGAGTGG CTCTAGACAACTTCAAAAATCCATGAGTGG	3	0.9893842887473461	CAGAAGAAACAACAAACTGTGACTCGTC CCACTGTGACTCTTCTGCCTGCGGCTGA GTGACTCTTCTTCCTGCGGCTGACATGG	{30839} {30852} {30857}
5.621019205502994	27389	27560	171	27389	4	0.9936305732484076	TGTGATCATTCGTGGTCACTTGCGAATGGC TGTGATCATTCGTGGTCATTTGCGGATGGC TGTGATCCTCAGAGGACACCTTCGCATTGC TGTGATCCTTCGTGGACATCTTCGTATTGC	27530	2	0.9978768577494692	TGACTCAGGTTTTGCTGCATACAGTCGCTA TGATTCAGGTTTTGCTGCATACAACCGCTA	1	0.9978768577494692	ACTGTGGCTACATCACGAACGCTTTCTT	{27468}
5.638933761645286	328	471	143	328	1	0.9915074309978769	GACCGAAAGGTAAGATGGAGAGCCTTGTTC	441	5	0.9915074309978769	ACTGTGGAAGAAGCCCTAGCGGAAGCACGT TCCGTAGAGGAAGCTTTATCAGAGGCACGT TCCGTGGAGGAGGCTCTATCAGAGGCACGT TCCGTGGAGGAGGTCTTATCAGAGGCACGT TCTGTGGAAGAGGCCCTATCGGAGGCACGT	2	0.9872611464968153	CGACGTGCTCGTACGTGGCTTTGGAGAC GGAATCAACGAGAAAACACACGTCCAAC	{413} {360}
5.638933761645286	371	514	143	371	1	0.9957537154989384	GAAAACACACGTCCAACTCAGTTTGCCTGT	484	5	0.9915074309978769	ACGGCACTTGTGGCATAATCGATGTTGAAA ATGGCACTTGTGGCTTAGTAGAAGTTGAAA ATGGCACTTGTGGTCTAGTAGAGCTGGAAA ATGGCACTTGTGGTTTAGTAGAGCTGGAAA GTGGCACTTGTGGCATAGTAGAGCTGGAAA	2	0.9872611464968153	CGACGTGCTCGTACGTGGCTTTGGAGAC TCAGGTTAGAGACGTGCTAGTGCGTGGC	{413} {404}
5.654022044777586	30516	30663	147	30516	5	0.9936305732484076	GTCCAGAACAAACCCAAGGAAACTTCGGGG GTCCAGAACAAACCCAAGGAAACTTTGGGG GTCCAGAACAAACCCAAGGAAATTTCGGGG GTCCAGATCAAACTCAAGGAAACTTTGGAG GTCCTGAACAAACCCAAGGAAATTTTGGGG	30633	1	0.9957537154989384	TGTCACGCATTGGCATGGAAGTCACACCTT	2	0.9851380042462845	GACCTAATCAGACAAGGAACTGATTACA TTGGCCGCAAATTGCACAATTTGCTCCA	{30551} {30583}
5.661651599001681	12952	13075	123	12952	3	0.9936305732484076	CAGCTTGTAATGAGGATAATGCATTAGCCT CAGCTTGTACTGATGACAATGCACTTGCCT CTGCTTGCACTGATGACAATGCGTTAGCTT	13045	3	0.9936305732484076	AATGGGCTAGATTCCCTAAGAGTGATGGTA AGTGGGCCAGATTTCCTAAATCTGATGGTA AGTGGGCTAGATTCCCTAAGAGTGACGGAA	3	0.9915074309978769	ACAACACAACAAAGGGAGGTAGGTTTGT CAACAACGCAAAGGGAGGTAGGTTTGTG GCTGGCATTACTATCAGACCACCAAGAT	{12985} {12986} {13013}
5.705012910986066	27008	27170	162	27008	3	0.9915074309978769	ACTCCTGGAACAATGGAACCTAGTAATAGG GCTCCTTGAACAATGGAACCTAGTAATAGG GCTCTTAGAACAATGGAACCTAGTAATAGG	27140	3	0.9915074309978769	AGTAACACTCGCTTGCTTTGTGCTTGCTGC AGTAACACTTGCTTGTTTTGTGCTTGCTGC AGTAACTTTAGCTTGTTTTGTGCTTGCTGC	2	0.9957537154989384	CCTGGATTATGTTACTACAATTTGCCTA TTCCTATTCCTTACATGGATTTGTCTTC	{27052} {27039}
5.719673533078033	28453	28664	211	28453	3	0.9915074309978769	ATATCACTATCAGGAGTGTGTTAGAGGTAC ATATCATTATCAGGAGTGTGTTAGGGGTAC TTATCACTACCAAGAGTGTGTTAGAGGTAC	28634	3	0.9915074309978769	CGTGCAAGATCAGTTTCACCAAAACTTTTC CGTGCCAGATCAGTTTCACCTAAACTGTTC CGTGCGAGATCAGTTTCACCCAAACTGTTT	1	0.9851380042462845	ACGAGGGCAATTCACCATTTCATCCTCT	{28521}
5.772751599001681	328	514	186	328	1	0.9915074309978769	GACCGAAAGGTAAGATGGAGAGCCTTGTTC	484	5	0.9915074309978769	ACGGCACTTGTGGCATAATCGATGTTGAAA ATGGCACTTGTGGCTTAGTAGAAGTTGAAA ATGGCACTTGTGGTCTAGTAGAGCTGGAAA ATGGCACTTGTGGTTTAGTAGAGCTGGAAA GTGGCACTTGTGGCATAGTAGAGCTGGAAA	2	0.9872611464968153	CGACGTGCTCGTACGTGGCTTTGGAGAC TCAGGTTAGAGACGTGCTAGTGCGTGGC	{413} {404}
5.781288504066715	27283	27526	243	27283	4	0.9936305732484076	GCTCAATGTGGTCATTCAACCCAGAAACAA GTTCCATGTGGTCATTCAATCCAGAAACTA GTTCCATGTGGTCATTTAACCCAGAAACTA GTTCCATGTGGTCCTTCAATCCAGAAACAA	27496	2	0.9978768577494692	ATTACAAATTAGGAGCGTCGCAGCGTGTAG ATTACAAATTGGGAGCTTCGCAGCGTGTAG	1	0.9978768577494692	ACTGTGGCTACATCACGAACGCTTTCTT	{27468}
5.7830354666358685	27159	27311	152	27159	3	0.9915074309978769	GTGCTTGCTGCTGTCTACAGAATTAATTGG GTGCTTGCTGCTGTTTACAGAATAAATTGG GTGCTTGCTGCTGTTTACAGAATTAACTGG	27281	3	0.9915074309978769	CCGCTCAATGTGGTCATTCAACCCAGAAAC GCGTTCCATGTGGTCATTCAACCCAGAAAC GCGTTCCATGTGGTCATTCAATCCAGAAAC	3	0.9936305732484076	GCTTGATGTGGCTCAGCTACTTCATTGC GGCGGGATTGCGATTGCAATGGCTTGTA TTGTAGGCTTGATGTGGCTTAGCTACTT	{27229} {27195} {27223}
5.785226590941621	29856	30047	191	29856	4	0.9936305732484076	AACATGGCAAGGAAGACCTTAAATTCCCTC AACATGGTAAGGAAGACCTTAGATTCCCTC AGCATGGCAAGGAGGAACTTAGATTCCCTC AGCATGGTAAGGAAGGACTCAAATTCCCTC	30017	2	0.9915074309978769	TACCTAGGAACTGGCCCAGAAGCTTCACTT TACCTAGGAACTGGGCCAGAAGCTGGACTT	2	1.0	CCAAATTGGCTACTACCGAAGAGCTACC GGCTACTACAGAAGAGCTACCCGACGAG	{29929} {29936}
5.7924850181197165	27281	27408	127	27281	3	0.9915074309978769	CCGCTCAATGTGGTCATTCAACCCAGAAAC GCGTTCCATGTGGTCATTCAACCCAGAAAC GCGTTCCATGTGGTCATTCAATCCAGAAAC	27378	3	0.9936305732484076	GTAATCGGAGCTGTGATCCTTCGTGGACAT GTCATCGGTGCTGTGATCCTCAGAGGACAC GTCATTGGTGCTGTGATCATTCGTGGTCAC	4	0.9872611464968153	ACATTCTTCTCAACGTGCCTCTCCGAGG CATGGCACTATTCTGACCAGACCGCTTC GGGACAATTGTGACCAGACCGCTCATGG TGCTGAATGTGCCATTGCATGGTACAAT	{27313} {27336} {27339} {27319}
5.793321916171137	17175	17330	155	17175	4	0.9936305732484076	AGTGCCACAAGAGCACTATGTGAGAATTAC AGTGCCACAGGAGCACTATGTGCGAATAAC AGTGCCACAGGAGCATTATGTTAGGATTAC AGTGCCTCAGGAGCACTATGTGAGAATAAC	17300	2	0.9936305732484076	GACCACCAGGTACTGGTAAGAGTCATTTTG GACCACCTGGTACTGGTAAGAGTCATTTTG	3	0.9978768577494692	CACTCAACATCTCAGATGAGTTTTCTAG CAGAAAGTCGGTATGCAAAAATACTCAA TCTAATGAGTTTTCTAGCAATGTTGCAA	{17219} {17263} {17230}
5.815557335320482	30332	30536	204	30332	3	0.9936305732484076	ACTGCCCTCGCGCTATTGCTGCTAGACAGA GCTGCCCTTGCTTTGCTACTGCTTGATCGG GCTGCTCTTGCTTTGCTGCTGCTTGACAGA	30506	3	0.9915074309978769	GGCAGACGTGGTCCTGAACAAACCCAAGGA GGGAGACGTGGTCCAGAACAAACCCAAGGA GGGCGACGTGGTCCAGATCAAACTCAAGGA	2	0.9915074309978769	CAAAGTTTCTGGTAAAGGCCAACAACAA GTCACTAAGAAATCTGCTGCTGAGGCAT	{30379} {30419}
5.819240417140111	13100	13263	163	13100	1	0.9936305732484076	ACCACCTTGTAGGTTTGTTACAGACACACC	13233	5	0.9915074309978769	GGAAATGCTACAGAAGTACCTGCCAATTCA GGTAACGCTACAGAAGTACCTGCCAATTCA GGTAATGCAACAGAAGTGCCTGCCAATTCA GGTAATGCAACTGAAGTGCCAGCCAACTCA GGTAATGCGACAGAAGTGCCTGCCAACTCA	3	0.9978768577494692	ACTTGGTAGTTTAGCTGCCACAGTACGT CTGGGCAGTTTAGCTGCTACAGTACGTC TTGAATAGAGGTATGGTACTGGGCAGCT	{13196} {13197} {13179}
5.822337705370951	30669	30833	164	30669	3	0.9915074309978769	CATGGCTGACTTACACAGGTGCCATCAAGC CATGGCTGACTTATCATGGAGCCATTAAAT CGTGGTTGACCTACACAGGTGCCATCAAAT	30803	3	0.9915074309978769	AAAAAGACTGACGAAAGCCAGCCTTTACCG AAAAAGACTGATGAAGCTCAGCCTTTGCCG AAGAAGGCTGATGAAACTCAAGCCTTACCG	3	0.9957537154989384	AAGCTTCAAAGACAACGTCATACTGCTG TCAAATTTCAAAGATCAAGTCATTTTGC TGGATGACAAAGATCCACAATTCAAAGA	{30715} {30713} {30699}
5.846094263681199	12865	12981	116	12865	3	0.9936305732484076	GAGCCAACTCAGCTGTTAAACTACAGAATA GAGCCAATTCAGCTGTCAAACTACAGAATA GGGCCAATTCTGCTGTCAAATTACAGAATA	12951	3	0.9936305732484076	ACAGCTTGTAATGAGGATAATGCATTAGCC ACAGCTTGTACTGATGACAATGCACTTGCC ACTGCTTGCACTGATGACAATGCGTTAGCT	5	0.9978768577494692	CCAGTAGCACTACGACAGATGTCCTGTG CCAGTAGCATTACGACAGATGTCTTGTG CGACAGATGTCATGTGCGGCTGGTACCA GTAGCACTTCGACAGATGTCATGTGCTG GTCCTGTTGCACTACGACAGATGTCTTG	{12906} {12906} {12918} {12909} {12904}
5.847322592664184	30442	30661	219	30442	5	0.9915074309978769	AGCTTCTAAGAAGCCCAGACAAAAACGAAC GGCATCGAAGAAGCCTCGCCAAAAACGTAC GGCATCTAAAAAGCCTCGCCAAAAACGTAC GGCTTCCAAGAAACCTCGCCAAAAACGTAC GGCTTCTAAGAAGCCTCGGCAAAAACGTAC	30631	1	0.9957537154989384	AATGTCACGCATTGGCATGGAAGTCACACC	2	0.9957537154989384	GACCTAATCAGACAAGGAACTGATTATA GTGGTCCAGAACAAACCCAAGGAAATTT	{30551} {30513}
5.848943765448655	12899	13072	173	12899	3	0.9936305732484076	ACTGAGTCCAGTAGCACTACGACAGATGTC ACTGAGTCCCGTAGCACTTCGACAGATGTC GCTTAGTCCTGTTGCACTACGACAGATGTC	13042	3	0.9957537154989384	TCAAATGGGCTAGATTCCCTAAGAGTGATG TCAAGTGGGCCAGATTTCCTAAATCTGATG TCAAGTGGGCTAGATTCCCTAAGAGTGACG	3	0.9978768577494692	ACAACACAACAAAGGGAGGTAGGTTTGT GTGCGGCTGGTACCACACAAACAGCTTG GTGCGGCTGGTACTACGCAAACAGCTTG	{12985} {12931} {12931}
5.857343377117346	27680	27856	176	27680	2	0.9957537154989384	CGTTGACTTTCAGGTTACTATAGCAGAGAT TGTTGACTTCCAGGTTACAATAGCAGAGAT	27826	4	0.9915074309978769	CCTCAGTTAGATGATGAAGAACCTATGGAG TCGGAGTTAGATGATGAAGAACCTATGGAG TCTCAATTAGATGAAGAGCAACCAATGGAG TCTCAGTTAGACGAAGAGCAACCAATGGAG	3	0.9957537154989384	AGAACTTTCAAGATTTCCATTTGGAACC GAGACAATTATTTAAGCCTCTAACTAAG TGAGGACTTTTAAAGTTTCCATTTGGAA	{27726} {27789} {27724}
5.878722420167963	758	942	184	758	2	0.9957537154989384	TCTAAAGTCATTTGACTTAGGCGACGAGCT TCTAAAGTCTTATGACTTAGGTGACGAGCT	912	4	0.9915074309978769	TGTGGCCCAGATGGGTACCCTCTTGATTGC TGTGGCCCGGATGGGTATCCTCTTGAATGC TGTGGCCCTGATGGCTACCCTCTTGAGTGC TGTGGCCCTGATGGGTATCCTCTTGACTGC	3	0.9936305732484076	ATGAAGATTTTCAAGAAAACTGGAACAC CATTGATGACTTTCAAGTCAACTGGAAC TCCCATTGAAGATTATGAACAAAACTGG	{802} {800} {797}
5.889	13570	13662	92	13570	2	0.9936305732484076	AAACACAGTCTGTACCGTCTGCGGAATGTG GAATACAGTCTGTACCGTCTGCGGTATGTG	13632	5	0.9936305732484076	GCGAACCCATGATGCAGTCTGCGGATGCGT GCGAACCCATGATGCAGTCTGCTGACGCGT GCGAACCCATGCTTCAGTCAGCTGATGCAC GCGAACCCTTGATGCAGTCTGCGGATGCAT GCGAACCTATGCTTCAGTCTGCTGATGCAC	1	0.9978768577494692	GAAAGGTTATGGCTGTAGTTGTGACCAA	{13600}
5.891394696155047	18246	18435	189	18246	3	0.9957537154989384	GGCAACTTTACAAGCTGAAAATGTAACAGG GGCTACATTACAAGCAGAAAATGTAACTGG GGCTACTTTACAAGCAGAAAATGTGACTGG	18405	3	0.9915074309978769	TGACCTACCGTAGACTCATCTCTATGATGG TGACCTATAGAAGACTCATCTCTATGATGG TGACCTATCGCAGACTCATCTCTATGATGG	3	0.9978768577494692	ACTAAATTCAAAACTGAAGGTTTATGTG TGTGTTGACATACCAGGCATACCAAAGG TGTTGATACTAAATTCAAGACTGAAGGA	{18350} {18374} {18343}
5.892388504066714	30278	30521	243	30278	2	0.9957537154989384	CCAGGCAGCAGTAGGGGAACTTCTCCTGCT CCTGGCAGCAGTAGGGGAAATTCTCCTGCT	30491	4	0.9936305732484076	GTAACACAAGCTTTCGGCAGACGTGGTCCA GTCACCCAAGCTTTTGGGCGACGTGGTCCA GTCACTCAAGCATTTGGGAGACGTGGTCCA GTCACTCAGGCATTTGGCAGACGTGGTCCT	2	0.9915074309978769	GCGGAGGTGGTGAAACTGCCCTCGCGCT GTCACTAAGAAATCTGCTGCTGAGGCAT	{30318} {30419}
5.902730266661922	15427	15676	249	15427	4	0.9915074309978769	GAACAAGCAAATTCTATGGTGGTTGGCACA GAACAAGCAAATTTTATGGTGGCTGGCATA GAACAAGCAAGTTTTACGGTGGCTGGCATA GAACTAGTAAATTCTATGGTGGCTGGAACA	15646	2	0.9915074309978769	TAAGTGAGATGGTCATGTGTGGCGGCTCAC TGAGTGAAATGGTCATGTGTGGCGGTTCAC	2	0.9893842887473461	CTTAGGATAATGGCCTCTCTTGTTCTTG GTTGTAGCTTGTCACACCGTTTCTATAG	{15546} {15592}
5.904421916171136	29847	30097	250	29847	3	0.9978768577494692	CTCTCACTCAACATGGCAAGGAAGACCTTA CTCTCACTCAGCATGGCAAGGAGGAACTTA CTCTCACTCAGCATGGTAAGGAAGGACTCA	30067	3	0.9915074309978769	AGGCATCGTATGGGTCGCAACTGAGGGAGC AGGCATCGTATGGGTTGCAACTGAGGGAGC CGGCATCATATGGGTTGCAACTGAGGGAGC	2	1.0	CCAAATTGGCTACTACCGAAGAGCTACC GGCTACTACAGAAGAGCTACCCGACGAG	{29929} {29936}
5.95436473040372	12479	12696	217	12479	2	0.9936305732484076	GATGGCAGATCAGGCTATGACCCAAATGTA GATGGCTGATCAAGCTATGACCCAAATGTA	12666	4	0.9936305732484076	ACAGCAGCCAAACTAATGGTTGTCATACCA ACAGCAGCCAAACTCATGGTTGTTGTCCCT ACAGCAGCTAAACTCATGGTTGTTGTACCT ACTGCAGCCAAACTAATGGTTGTTGTACCT	3	1.0	AACGATGCTTTTCACTATGCTTAGAAAA ATCTGAGGACAAGAGGGCAAAAGTAACT CAGGCGAGATCTGAGGACAAGAGGGCAA	{12560} {12521} {12513}
5.957194263681199	11416	11588	172	11416	2	0.9936305732484076	CTACATGCCTGCTAGCTGGGTGATGCGTAT CTATATGCCTGCTAGTTGGGTGATGCGTAT	11558	4	0.9915074309978769	TATGATGATGCTGCTAGACGTGTTTGGACA TATGATGATGCTGCTAGGCGTGTATGGACA TATGATGATGGTGCTAGAAGAGTTTGGACA TATGATGATGGTGCTAGGAGAGTGTGGACA	4	0.9915074309978769	GACATGGCTTGAATTGGCTGACACTAGC GACTTGGTTGGACATGGTTGATACCAGC GATATGGTTGATACTAGTTTGTCTGGTT TGACATGGCTTGAATTGGCCGACACTAG	{11449} {11449} {11459} {11448}
5.9572942636812	30139	30227	88	30139	3	0.9915074309978769	TAACAATGCTGCAATCGTGCTACAACTTCC TAACAATGCTGCCACCGTGCTACAACTTCC TAACAATGCTGCCATTGTGCTACAACTTCC	30197	4	0.9915074309978769	TACGCAGAAGGGAGCAGAGGCGGCAGTCAA TACGCAGAAGGGAGCAGGAATGGTAGTCAA TACGCAGAGGGAAGCAGAGGCGGCAGTCAA TACGCAGAGGGGAGCAGAGGTGGCAGTCAA	2	0.9957537154989384	TCAAGGAACAACATTGCCCAAAGGCTTC TCAAGGAACAGCTTTGCCTAAAGGTTTC	{30169} {30169}
5.981971411322414	27281	27462	181	27281	3	0.9915074309978769	CCGCTCAATGTGGTCATTCAACCCAGAAAC GCGTTCCATGTGGTCATTCAACCCAGAAAC GCGTTCCATGTGGTCATTCAATCCAGAAAC	27432	3	0.9915074309978769	GGACGCTGTGACATCAAGGACCTGCCTAAA GGGCGCTGTGACATTAAGGACCTGCCAAAA GGGCGCTGTGATATTAAGGACCTGCCAAAG	4	0.9915074309978769	CATGGCACTATTCTGACCAGACCGCTTC GGGACAATTGTGACCAGACCGCTCATGG TCCTCAATGTGCCTCTCCGAGGGACAAT TGCTGAATGTGCCATTGCATGGTACAAT	{27336} {27339} {27319} {27319}
5.992801953228442	27159	27396	237	27159	3	0.9915074309978769	GTGCTTGCTGCTGTCTACAGAATTAATTGG GTGCTTGCTGCTGTTTACAGAATAAATTGG GTGCTTGCTGCTGTTTACAGAATTAACTGG	27366	3	0.9915074309978769	GAAAGTGAACTCGTAATCGGAGCTGTGATC GAAAGTGAACTTGTCATTGGTGCTGTGATC GAGAGTGAACTCGTAATTGGAGCTGTGATC	3	0.9936305732484076	GCTTGATGTGGCTCAGCTACTTCATTGC GGCGGGATTGCGATTGCAATGGCTTGTA TTGTAGGCTTGATGTGGCTTAGCTACTT	{27229} {27195} {27223}
5.994607968360733	704	942	238	704	2	0.9957537154989384	TCTTCTCCGTAAGAATGGTAATAAGGGAGC TCTTCTTCGTAAGAACGGTAATAAGGGAGC	912	4	0.9915074309978769	TGTGGCCCAGATGGGTACCCTCTTGATTGC TGTGGCCCGGATGGGTATCCTCTTGAATGC TGTGGCCCTGATGGCTACCCTCTTGAGTGC TGTGGCCCTGATGGGTATCCTCTTGACTGC	3	0.9936305732484076	ATGAAGATTTTCAAGAAAACTGGAACAC GGTCATAGTTTCGGCATCGATCTAAAGT TCCCATTGAAGATTATGAACAAAACTGG	{802} {738} {797}
6.008701087828205	11416	11662	246	11416	2	0.9936305732484076	CTACATGCCTGCTAGCTGGGTGATGCGTAT CTATATGCCTGCTAGTTGGGTGATGCGTAT	11632	4	0.9936305732484076	TGCTTTAGATCAAGCAATTTCTATGTGGGC TGCTTTAGATCAAGCTATTTCCATGTGGGC TTCCTTAGATCAAGCTATTTCCATGTGGGC TTCTTTAGACCAAGCTATTTCCATGTGGGC	3	0.9893842887473461	CACTCGTTTATAAAGTTTATTATGGTAA CGAATTGGCTGATACTAGCTTGTCTGGT TTATGATGATGCTGCTAGACGTGTTTGG	{11604} {11458} {11557}
6.012129642842771	17072	17320	248	17072	3	0.9957537154989384	GTGATGCTGTTGTGTACAGAGGTACTACAA GTGATGCTGTTGTGTACAGAGGTACTACGA GTGATGCTGTTGTTTACCGAGGTACAACAA	17290	3	0.9915074309978769	ACACTCCAAGGACCACCTGGTACTGGTAAG ACACTCCAGGGACCACCAGGTACCGGTAAG ACTTTACAAGGACCACCAGGTACTGGTAAA	3	0.9978768577494692	CCAGAAAGTTGGTATGCAAAAATACTCA TCTAATGAGTTTTCTAGCAATGTTGCAA TGAATGTTGGTGATTACTTTGTGTTGAC	{17262} {17230} {17111}
6.015521916171137	27245	27495	250	27245	3	0.9957537154989384	CTACTTCATTGCTTCATTCAGGCTATTTGC CTACTTCATTGCTTCTTTCAGACTGTTTGC CTACTTCGTTGCTTCCTTCAGGCTGTTTGC	27465	3	0.9978768577494692	ATCACTGTGGCTACATCACGAACGCTTTCT ATCACTGTGGCTACATCCCGGATGCTTTCT ATTACGGTGGCTACATCACGAACGCTTTCT	3	0.9957537154989384	CTGGACACCATCTAGGACGCTGTGACAT GGGACAATTGTGACCAGACCGCTCATGG TCCGAGGGACAATTTTGACCAGACCGCT	{27418} {27339} {27334}
6.063516373031192	372	471	99	372	2	0.9978768577494692	AAAACACACGTCCAACTCAGTTTACCTGTT AAAACACACGTCCAACTCAGTTTGCCTGTC	441	5	0.9915074309978769	ACTGTGGAAGAAGCCCTAGCGGAAGCACGT TCCGTAGAGGAAGCTTTATCAGAGGCACGT TCCGTGGAGGAGGCTCTATCAGAGGCACGT TCCGTGGAGGAGGTCTTATCAGAGGCACGT TCTGTGGAAGAGGCCCTATCGGAGGCACGT	2	0.9872611464968153	CGACGTGCTCGTACGTGGCTTTGGAGAC TCAGGTTAGAGACGTGCTAGTGCGTGGC	{413} {404}
6.067500082244952	27245	27463	218	27245	3	0.9957537154989384	CTACTTCATTGCTTCATTCAGGCTATTTGC CTACTTCATTGCTTCTTTCAGACTGTTTGC CTACTTCGTTGCTTCCTTCAGGCTGTTTGC	27433	3	0.9915074309978769	GACGCTGTGACATCAAGGACCTGCCTAAAG GGCGCTGTGACATTAAGGACCTGCCAAAAG GGCGCTGTGATATTAAGGACCTGCCAAAGG	4	0.9915074309978769	CATGGCACTATTCTGACCAGACCGCTTC CTCCGAGGGACAATTTTGACCAGACCGC GCGTACGCGTTCCATGTGGTCCTTCAAT GGGACAATTGTGACCAGACCGCTCATGG	{27336} {27333} {27275} {27339}
6.079643377117347	12359	12448	89	12359	5	0.9936305732484076	CTATGAGCAGGCTGTAGCTAATGGTGATTC TTATGAGCAAGCGGTAGCTAACGGTGATTC TTATGAGCAAGCTGTAGCAAATGGTGATTC TTATGAGCAGGCGGTAGCAAATGGTGATTC TTATGAGCAGGCTGTTGCTAATGGTGATTC	12418	2	0.9957537154989384	CTCTGAATGTGGCAAAGTCTGAATTTGACC CTTTGAATGTGGCTAAATCTGAGTTTGACC	3	0.9936305732484076	GAAGTCGTTCTCAAAAAGTTAAAGAAAT GAAGTTGTTCTTAAAAAGTTGAAGAAGT GAAGTTGTTCTTAAGAAGTTAAAGAAAT	{12390} {12390} {12390}
6.079643377117347	13539	13657	118	13539	2	0.9957537154989384	GTGCTAATGACCCAGTGGGTTTTACACTTA GTGCTAATGACCCTGTGGGTTTCACACTCA	13627	5	0.9936305732484076	ACTCCGCGAACCCATGATGCAGTCTGCGGA ACTCCGCGAACCCATGATGCAGTCTGCTGA ACTCCGCGAACCCATGCTTCAGTCAGCTGA ACTCCGCGAACCCTTGATGCAGTCTGCGGA ACTCCGCGAACCTATGCTTCAGTCTGCTGA	1	0.9978768577494692	GGAAAGGTTATGGCTGTAGTTGTGACCA	{13599}
6.130078667660241	29758	29866	108	29758	5	0.9936305732484076	CAACAACCAGAGTGGAGGACGCAATGGGGC CAATAACCAGAATGGAGACCGCAGTGGAGC CAATAACCAGAATGGAGGACGCAATGGGGC CAATAACCAGGATGGAGGACGCAGTGGTGC CAGTAACCAGAATGGAGAACGCAGTGGGGC	29836	2	0.9978768577494692	TTGGTTCACAGCTCTCACTCAGCATGGCAA TTGGTTCACCGCTCTCACTCAACATGGCAA	2	0.9893842887473461	CCCAGGGATTACCCAATAATACTGCGTC GCCCCAAGGTTTACCCAATAATACTGCG	{29808} {29806}
6.241178667660241	12471	12579	108	12471	4	0.9936305732484076	CTAGAAAAGATGGCTGATCAAGCTATGACC TTGGAAAAGATGGCAGATCAGGCTATGACC TTGGAAAAGATGGCTGATCAAGCTATGACC TTGGAGAAGATGGCGGATCAGGCTATGACC	12549	3	1.0	AGTGCAATGCAAACGATGCTTTTCACTATG AGTGCTATGCAAACAATGCTCTTCACTATG AGTGCTATGCAGACAATGCTTTTCACTATG	3	1.0	ATCTGAGGACAAGAGGGCAAAAGTAACT CAAATGTACAAGCAGGCAAGATCTGAAG GTCTGAAGACAAGAGGGCAAAAGTCACT	{12521} {12501} {12521}
6.241178667660241	28453	28609	156	28453	3	0.9915074309978769	ATATCACTATCAGGAGTGTGTTAGAGGTAC ATATCATTATCAGGAGTGTGTTAGGGGTAC TTATCACTACCAAGAGTGTGTTAGAGGTAC	28579	4	0.9915074309978769	AAGCCAACAATTTGCTTTTGCTTGCCCTGA TAGCACACACTTTGCTTTTGCTTGTGCTGA TAGCACACATTTTGCTTTTGCTTGTGCTGA TAGCACTCAATTTGCTTTTGCTTGTCCTGA	1	0.9851380042462845	ACGAGGGCAATTCACCATTTCATCCTCT	{28521}
6.241178667660241	30248	30356	108	30248	4	0.9915074309978769	CGTAGTCGCAACAGTTCAAGAAATTCAACT CGTAGTCGCAATAGTTCCAGAAACTCAACT CGTAGTCGCGGTAATTCAAGAAATTCAACT CGTAGTCGTGGAAATTCAAGAACTTCAACT	30326	3	0.9936305732484076	GGTGAAACTGCCCTCGCGCTATTGCTGCTA GGTGATGCTGCCCTTGCTTTGCTACTGCTT GGTGATGCTGCTCTTGCTTTGCTGCTGCTT	3	0.9957537154989384	CCAGGCAGCAGTAGGGGAACTTCTCCTG CCTGGCAGCAGTAGGGGAAATTCTCCAG CTGGCAGCAGTAGGGGAAATTCTCCTGC	{30278} {30278} {30279}
6.251026686365171	637	732	95	637	5	0.9936305732484076	GTAGCGGTACAACACTGGGAGTGCTCGTGC GTAGCGGTATAACACTGGGAGTACTCGTGC GTAGCGGTATAACTCTGGGAGTGCTCGTGC GTAGCGGTGAGACTCTTGGTGTTCTTGTAC GTAGTGGTGAGACACTTGGTGTCCTTGTCC	702	2	0.9957537154989384	GTTCTTCTCCGTAAGAATGGTAATAAGGGA GTTCTTCTTCGTAAGAACGGTAATAAGGGA	4	0.9915074309978769	ACGTGGGCGAAACCCCAATCGCATACCG CACATGTGGGCGAAACCCCAATTGCATA CACATGTTGGTGAAACACCTGTTGCTTA CTCATGTGGGCGAAATACCAGTGGCTTA	{670} {667} {667} {667}
6.293832422683972	639	779	140	639	5	0.9957537154989384	AGCGGTACAACACTGGGAGTTCTCGTGCCA AGCGGTATAACACTGGGAGTACTCGTGCCA AGCGGTATAACTCTGGGAGTGCTCGTGCCA AGCGGTGAGACTCTTGGTGTTCTTGTACCA AGTGGTGAGACACTTGGTGTCCTTGTCCCT	749	2	0.9915074309978769	CGGCGCCGATCTAAAGTCATTTGACTTAGG TGGCATCGATCTAAAGTCTTATGACTTAGG	2	1.0	CGCAATGTTCTTCTTCGTAAGAACGGTA GCAAGAACGGTAATAAGGGAGCTGGTGG	{696} {712}
6.297814670640964	12366	12507	141	12366	5	0.9915074309978769	CAAGCGGTGGCTAACGGTGATTCTGAAGTG CAAGCTGTAGCAAATGGTGATTCTGAAGTT CAGGCGGTAGCAAATGGTGATTCTGAAGTT CAGGCTGTAGCTAATGGTGATTCTGAAGTC CAGGCTGTTGCTAATGGTGATTCTGAAGTT	12477	2	0.9936305732484076	AAGATGGCAGATCAGGCTATGACCCAAATG AAGATGGCTGATCAAGCTATGACCCAAATG	2	0.9978768577494692	GAAATCTTTGAATGTGGCTAAATCTGAG GTCTGAATTTGACCGTGATGCGGCCATG	{12413} {12434}
6.312711090344213	18319	18409	90	18319	4	0.9936305732484076	AACACAGGCACCTACACATCTCAGTGTTGA TACACAAGCACCAACTTACCTTAGTGTTGA TACACAGGCACCTACACACCTCAGCGTTGA TACACAGGCACCTACACACCTCAGTGTTGA	18379	3	0.9915074309978769	CGACATACCAGGAATACCAAAGGACATGAC TGACATACCAGGCATACCAAAGGACATGAC TGACATACCTGGCATACCTAAGGACATGAC	5	0.9957537154989384	ACAAAATTCAAGACTGAGGGACTTTGTG ACTAAATTCAAAACTGAAGGACTTTGTG ACTAAATTCAAAACTGAAGGTTTATGTG ATAAAGTTCAAGACTGAAGGATTATGTG CTAAATTCAAGACTGAAGGCCTCTGTGT	{18350} {18350} {18350} {18350} {18351}
6.358888527362399	30069	30227	158	30069	3	0.9936305732484076	GCATCATATGGGTTGCAACTGAGGGAGCCT GCATCGTATGGGTCGCAACTGAGGGAGCCT GCATCGTATGGGTTGCAACTGAGGGAGCCT	30197	4	0.9915074309978769	TACGCAGAAGGGAGCAGAGGCGGCAGTCAA TACGCAGAAGGGAGCAGGAATGGTAGTCAA TACGCAGAGGGAAGCAGAGGCGGCAGTCAA TACGCAGAGGGGAGCAGAGGTGGCAGTCAA	2	0.9915074309978769	CTCAAGGAACAACATTGCCAAAGGGCTT CTCAAGGAACAGCTTTGCCTAAAGGTTT	{30168} {30168}
6.37557901698314	29758	29964	206	29758	5	0.9936305732484076	CAACAACCAGAGTGGAGGACGCAATGGGGC CAATAACCAGAATGGAGACCGCAGTGGAGC CAATAACCAGAATGGAGGACGCAATGGGGC CAATAACCAGGATGGAGGACGCAGTGGTGC CAGTAACCAGAATGGAGAACGCAGTGGGGC	29934	2	0.9936305732484076	TTGGCTACTACCGAAGAGCTACCAGACGAA TTGGCTACTACCGAAGAGCTACCCGACGAG	1	0.9936305732484076	CCAATAATACTGCGTCTTGGTTCACCGC	{29820}
6.387053964378334	30442	30609	167	30442	5	0.9915074309978769	AGCTTCTAAGAAGCCCAGACAAAAACGAAC GGCATCGAAGAAGCCTCGCCAAAAACGTAC GGCATCTAAAAAGCCTCGCCAAAAACGTAC GGCTTCCAAGAAACCTCGCCAAAAACGTAC GGCTTCTAAGAAGCCTCGGCAAAAACGTAC	30579	2	0.9957537154989384	AACACTGGCCGCAAATAGCACAGTTTGCTC AACATTGGCCGCAAATTGCACAATTTGCTC	2	0.9957537154989384	GACCTAATCAGACAAGGAACTGATTATA GTGGTCCAGAACAAACCCAAGGAAATTT	{30551} {30513}
6.3926799693424075	12758	12895	137	12758	4	0.9936305732484076	GGAAATCCAACAGGTTGTAGATGCAGATAG GGAAATCCAGCAAGTTGTTGATGCGGATAG GGAAATTCAGCAAGTTGTTGATGCAGATAG GGAGATCCAGCAAGTTGTAGACGCAGATAG	12865	3	0.9936305732484076	GAGCCAACTCAGCTGTTAAACTACAGAATA GAGCCAATTCAGCTGTCAAACTACAGAATA GGGCCAATTCTGCTGTCAAATTACAGAATA	3	0.9978768577494692	CAAATTTGGCTTGGCCTCTTATTGTTAC CAACTTAGTGAAATTAGTATGGACAATT TCCCGCTTAGTGAAATTAATATGGATAA	{12829} {12798} {12796}
6.4016942636811995	11632	11748	116	11632	4	0.9936305732484076	TGCTTTAGATCAAGCAATTTCTATGTGGGC TGCTTTAGATCAAGCTATTTCCATGTGGGC TTCCTTAGATCAAGCTATTTCCATGTGGGC TTCTTTAGACCAAGCTATTTCCATGTGGGC	11718	3	0.9957537154989384	TAGCTAGAGCTATAGTGTTTGTGTGTGTTG TGGCCAGAGGTATTGTTTTTATGTGTGTTG TGGCTAGAGGTATTGTCTTTATGTGCGTTG	4	1.0	CTGTTACTTCTAACTACTCAGGTGTAGT TCAGGCGTTGTTACAACCGTCATGTTCT TCCGTAACCTCTAACTATTCTGGTGTCG TCTGTAACCTCTAACTATTCTGGTGTCG	{11673} {11690} {11672} {11672}
6.420572931341441	30206	30308	102	30206	5	0.9915074309978769	GGAAGCAGAGGCGGCAGTCAAGCCTCTTCT GGGAGCAGAGGCGGCAGTCAAGCTTCTTCA GGGAGCAGAGGTGGCAGTCAAGCCTCTTCT GGGAGCAGAGGTGGCAGTCAATCTTCATCT GGGAGCAGGAATGGTAGTCAAGCCTCTTCT	30278	2	0.9957537154989384	CCAGGCAGCAGTAGGGGAACTTCTCCTGCT CCTGGCAGCAGTAGGGGAAATTCTCCTGCT	5	0.9978768577494692	ACGTAGTCGTGGAAATTCAAGAACTTCA CGTAGTCGTGGTAATTCAAGAAATTCAA CTCATCACGTAGTCGCGGTAATTCAAGA TAGTCGCAATAGTTCCAGAAACTCAACT TCATCACGTAGTCGCAACAGTTCAAGAA	{30247} {30248} {30241} {30250} {30242}
6.423811090344213	15556	15736	180	15556	3	0.9936305732484076	TGGCCTCTCTTGTTCTTGCTCGCAAACATA TGGCTTCACTTGTTCTTGCTCGCAAACATA TGGCTTCCCTCATTCTTGCTCGCAAACATA	15706	4	0.9978768577494692	GAGATGCCACAACTGCTTATGCTAATAGTG GTGATGCCACAACTGCATATGCTAATAGTG GTGATGCCACAACTGCCTACGCTAATAGTG GTGATGCTACAACTGCTTATGCTAATAGTG	2	0.9872611464968153	CTTGCTGTAGTTTGTCACATCGTTTCTA TCACTATATGTTAAACCAGGTGGAACAT	{15589} {15672}
6.435485705661208	29758	29994	236	29758	5	0.9936305732484076	CAACAACCAGAGTGGAGGACGCAATGGGGC CAATAACCAGAATGGAGACCGCAGTGGAGC CAATAACCAGAATGGAGGACGCAATGGGGC CAATAACCAGGATGGAGGACGCAGTGGTGC CAGTAACCAGAATGGAGAACGCAGTGGGGC	29964	2	0.9957537154989384	TTCGTGGTGGTGACGGCAAAATGAAAGAGC TTCGTGGTGGTGACGGTAAAATGAAAGATC	1	0.9936305732484076	CCAATAATACTGCGTCTTGGTTCACCGC	{29820}
6.4354857056612085	704	852	148	704	2	0.9957537154989384	TCTTCTCCGTAAGAATGGTAATAAGGGAGC TCTTCTTCGTAAGAACGGTAATAAGGGAGC	822	5	0.9915074309978769	TGGAACACTAAACATAGCAGTGGTGTTACC TGGAACACTAAACATGGCAGTGGTGCCCTT TGGAACACTAAACATGGCAGTGGTGTAACT TGGAACACTAAGCATGGCAGTGGTGCACTC TGGAACACTAAGCATGGCAGTGGTGCTCTC	3	0.9893842887473461	AGTCATTTGACTTAGGCGACGAGCTTGG GTCTTATGACTTAGGTGACGAGCTTGGC TCTTATGACTTAGGTGACGAGCTTAACA	{763} {764} {765}
6.444500000000001	12366	12554	188	12366	5	0.9915074309978769	CAAGCGGTGGCTAACGGTGATTCTGAAGTG CAAGCTGTAGCAAATGGTGATTCTGAAGTT CAGGCGGTAGCAAATGGTGATTCTGAAGTT CAGGCTGTAGCTAATGGTGATTCTGAAGTC CAGGCTGTTGCTAATGGTGATTCTGAAGTT	12524	2	0.9957537154989384	TGAAGACAAGAGGGCAAAAGTAACTAGTGC TGAGGACAAGAGGGCAAAAGTAACTAGTGC	2	0.9978768577494692	GAAATCTTTGAATGTGGCTAAATCTGAG GTCTGAATTTGACCGTGATGCGGCCATG	{12413} {12434}
6.444500000000001	30069	30257	188	30069	3	0.9936305732484076	GCATCATATGGGTTGCAACTGAGGGAGCCT GCATCGTATGGGTCGCAACTGAGGGAGCCT GCATCGTATGGGTTGCAACTGAGGGAGCCT	30227	4	0.9957537154989384	GCCTCTTCTCGCTCCTCATCACGTAGTCGC GCCTCTTCTCGCTCTTCATCACGTAGTCGC GCTTCTTCACGCTCTTCATCACGTAGTCGC TCTTCATCTCGCTCCTCATCACGTAGTCGC	2	0.9978768577494692	AAGGAACAACATTGCCAAAAGGCTTCTA CTCAAGGAACAGCTTTGCCTAAAGGTTT	{30171} {30168}
6.449470128054923	11558	11748	190	11558	4	0.9915074309978769	TATGATGATGCTGCTAGACGTGTTTGGACA TATGATGATGCTGCTAGGCGTGTATGGACA TATGATGATGGTGCTAGAAGAGTTTGGACA TATGATGATGGTGCTAGGAGAGTGTGGACA	11718	3	0.9957537154989384	TAGCTAGAGCTATAGTGTTTGTGTGTGTTG TGGCCAGAGGTATTGTTTTTATGTGTGTTG TGGCTAGAGGTATTGTCTTTATGTGCGTTG	2	0.9893842887473461	ACACTTGTTTATAAAGTCTATTATGGTA TACAAAGTCTACTATGGTAATGCTTTAG	{11603} {11612}
6.456629642842771	1525	1632	107	1525	3	0.9915074309978769	TGAAAACCATTCTTCGTAAGGGTGGTCGCA TTAAAACCACTCTTCGTAAAGGTGGTCGTA TTGAAACTCGACTCCGCAAGGGAGGTAGGA	1602	4	0.9957537154989384	AAGCGAGCCTACTGGGTCCCTCGTGCTAGT AAGCGTGCCTACTGGGTTCCTCGTGCTAGT AAGTGTGCCTATTGGGTGCCTCGTGCTGCT AAGTGTGCCTATTGGGTTCCACGTGCTAGC	5	0.9936305732484076	CAAAGCATTTGGAGGATGTGTGTTCTCT CTAAATGTTTTGGTGGGTGTGTGTTTGC CTAGATGTTTTGGAGGCTGTGTGTTTGC GAGGCTGTGTGTTCTCTTATGTTGGTTG GCGGCTGTGTATTTTCCTATGTTGGCTG	{1556} {1555} {1555} {1567} {1567}
6.460021916171137	14706	14861	155	14706	2	0.9915074309978769	GAGCTAGGTGTTGTACATAATCAGGATGTA GAGTTAGGAGTCGTACATAATCAGGATGTA	14831	5	0.9915074309978769	ACGCACATCGTGCTTTTCAGTTGCAGCTTT ACGCACTACATGCTTCTCAGTGGCTGCACT ACGCACTACATGCTTTTCAGTAGCTGCACT ACGCACTACATGCTTTTCGGTAGCTGCACT ACGTACAACATGCTTTTCAGTAGCTGCACT	3	0.9957537154989384	ATACATAGCTCGAGACTTAGTTTTAAGG TAGACTTAGTTTTAAGGAATTACTTGTG TCAGTTTCAAGGAACTTTTAGTGTATGC	{14739} {14750} {14755}
6.492105354025413	11720	11885	165	11720	3	0.9957537154989384	GCCAGAGGTATTGTTTTTATGTGTGTTGAG GCTAGAGCTATAGTGTTTGTGTGTGTTGAG GCTAGAGGTATTGTCTTTATGTGCGTTGAG	11855	4	0.9915074309978769	ACTCAACCGCTACTTTAGACTGACTCTTGG ACTCAACCGCTATTTTAGACTTACTCTTGG ACTCAACCGTTACTTCAGGCTTACTCTTGG ACTCAACCGTTACTTTAGACTTACCCTTGG	3	1.0	ACTTCAGTGTATAATGCTAGTTTATTGT CCAATTCTCTTTATTACAGGTAACACCT TTACAGTGTATCATGCTTGTTTATTGTT	{11782} {11756} {11783}
6.499589493487164	422	558	136	422	4	0.9915074309978769	AGTACGTGGCTTTGGGGACTCTGTGGAAGA AGTGCGTGGCTTCGGGGACTCTGTGGAAGA AGTGCGTGGTTTCGGGGATACTGTGGAAGA CGTACGTGGCTTTGGAGACTCCGTGGAGGA	528	3	0.9915074309978769	CAACTCGAACAGCCCTATGTGTTTGTCAAA CAACTTGAACAGCCCTATGTGTTCATCAAA CAGCTTGAACAGCCCTATGTGTTCATTAAA	4	0.9978768577494692	CAACATCTCAAGGATGGCACTTGTGGCT CAGAGGCACGTCAACATCTTCTTGACGG CGGAGGCACGTGAACATCTTAAAAATGG GTGGTCTAGTAGAGCTGGAAAAAGGCGT	{471} {460} {460} {493}
6.523948055426138	12668	12892	224	12668	4	0.9936305732484076	AGCAGCCAAACTAATGGTTGTCATACCAGA AGCAGCCAAACTCATGGTTGTTGTCCCTGA AGCAGCTAAACTAATGGTTGTTGTACCTGA TGCAGCCAAACTAATGGTTGTTGTACCTGA	12862	3	0.9957537154989384	TAAGAGCCAACTCAGCTGTTAAACTACAGA TAAGAGCCAATTCAGCTGTCAAACTACAGA TAAGGGCCAATTCTGCTGTCAAATTACAGA	2	0.9936305732484076	CACTCTGGGAAATTCAGCAAGTTGTTGA CAGATAGTAAAATTGTTCAACTTAGTGA	{12751} {12781}
6.527833761645287	12222	12448	226	12222	5	0.9936305732484076	TGCTATCCATGCAAGGTGCTGTAGACATAA TGCTATCCATGCAGGGTGCTGTAGACATTA TGCTATCTATGCAAGGTGCTGTAGACATCA TGCTATCTATGCAGGGTGCTGTAGACATTA TGCTTTCCATGCAGGGTGCTGTAGACATAA	12418	2	0.9957537154989384	CTCTGAATGTGGCAAAGTCTGAATTTGACC CTTTGAATGTGGCTAAATCTGAGTTTGACC	2	0.9957537154989384	CTTCAGAATTTAGTTCTTTACCATCATA TTACAAGCTATAGCCTCAGAGTTTAGTT	{12304} {12291}
6.535466666009797	14668	14898	230	14668	5	0.9915074309978769	GTGTACCATTTGTTGTCTCAACAGGATACC GTGTACCTTTTGTTGTTTCAACAGGTTACC GTGTACCTTTTGTTGTTTCAACGGGTTACC GTGTTCCATTTGTAGTTTCAACTGGATACC GTGTTCCTTTTGTTGTTTCAACTGGATACC	14868	2	0.9915074309978769	AATGTCTCTTTTCAAACTGTCAAACCCGGT AATGTTGCTTTTCAAACTGTCAAACCCGGT	2	0.9978768577494692	ATCAAGATGTAAACATACATAGCTCGAG GGAGTCGTACATAATCAGGATGTAAACT	{14725} {14712}
6.545422420167964	13467	13651	184	13467	4	0.9978768577494692	GCCACATAGATCATCCAAATCCTAAAGGAT GCCACATAGATCATCCTAACCCTAAAGGTT GCCACATTGACCATCCAAATCCTAAAGGAT GCCACATTGATCATCCAAATCCTAAGGGAT	13621	3	0.9978768577494692	TGACCAACTCCGCGAACCCTTGATGCAGTC TGATCAACTCCGCGAACCCATGATGCAGTC TGATCAACTCCGCGAACCCATGCTTCAGTC	3	1.0	CCTGTGCTAATGACCCAGTGGGTTTCAC CTGTGCTAATGACCCTGTGGGTTTCACA CTTGTGCTAATGACCCAGTGGGTTTTAC	{13536} {13537} {13536}
6.574478667660241	12630	12786	156	12630	3	0.9936305732484076	GACGGTTGTGTTCCACTGAACATAATCCCC GATGGTTGTGTTCCACTCAACATCATACCA GATGGTTGTGTTCCCTTGAACATAATACCT	12756	4	0.9936305732484076	TGGGAAATCCAACAGGTTGTAGATGCAGAT TGGGAAATCCAGCAAGTTGTTGATGCGGAT TGGGAAATTCAGCAAGTTGTTGATGCAGAT TGGGAGATCCAGCAAGTTGTAGACGCAGAT	4	0.9893842887473461	ACTACTGCAGCCAAACTAATGGTTGTTG CATGGTTGTTGTCCCTGACTATGGAACC TAATGGTTGTCATACCAGACTATAACAC TACCTGATTATGGAACCTACAAGAATAC	{12663} {12680} {12679} {12691}
6.582028706359163	11686	11885	199	11686	3	0.9978768577494692	CTACTCAGGTGTAGTTACAACTGTCATGTT CTATTCAGGCGTTGTTACAACCGTCATGTT CTATTCTGGTGTCGTTACGACTATCATGTT	11855	4	0.9915074309978769	ACTCAACCGCTACTTTAGACTGACTCTTGG ACTCAACCGCTATTTTAGACTTACTCTTGG ACTCAACCGTTACTTCAGGCTTACTCTTGG ACTCAACCGTTACTTTAGACTTACCCTTGG	3	0.9978768577494692	AGGTATTGTCTTTATGTGCGTTGAGTAT GCCAGAGGTATTGTTTTTATGTGTGTTG TTACAGTGTATCATGCTTGTTTATTGTT	{11725} {11720} {11783}
6.609253964378334	12758	12925	167	12758	4	0.9936305732484076	GGAAATCCAACAGGTTGTAGATGCAGATAG GGAAATCCAGCAAGTTGTTGATGCGGATAG GGAAATTCAGCAAGTTGTTGATGCAGATAG GGAGATCCAGCAAGTTGTAGACGCAGATAG	12895	3	0.9936305732484076	ATGAACTGAGTCCAGTAGCACTACGACAGA ATGAACTGAGTCCCGTAGCACTTCGACAGA ATGAGCTTAGTCCTGTTGCACTACGACAGA	4	0.9936305732484076	ACAACTCATCAAACTTGGCTTGGCCTCT CTCTTATTGTTACAGCTCTAAGGGCCAA TCCCGCTTAGTGAAATTAATATGGATAA TCCTAATATTGCTTGGCCTCTTATTGTA	{12820} {12844} {12796} {12827}
6.612791578646308	15389	15602	213	15389	2	0.9957537154989384	ATCCATAGCCGCCACAAGAGGTGCCACTGT GTCAATAGCCGCCACTAGAGGAGCTACTGT	15572	5	0.9915074309978769	TGCTCGCAAACATAACACTTGCTGTAACTT TGCTCGCAAACATACAACGTGTTGTAGCTT TGCTCGCAAACATACTACTTGCTGTAGTTT TGCTCGCAAACATAGCACGTGCTGTAACTT TGCTCGCAAACATAGCACTTGTTGTAACTT	3	0.9936305732484076	ATGCTTAGAATTATGGCTTCTCTTGTTC TGCTTAGGATAATGGCCTCTCTTGTTCT TGTTTATAGTGATGTAGAAAACCCTCAC	{15543} {15544} {15470}
6.614879969342407	7570	7784	214	7570	4	0.9915074309978769	TGGCACCCGTTTCTGCAATGGTTAGGATGT TGGCACCTGTTTCAGCAATGGTTAGGATGT TGGCCCCGATTTCAGCTATGGTTAGAATGT TGGCGCCCGTTTCTGCTATGGTCAGGATGT	7754	3	0.9915074309978769	CGTCTATGCAAATGGAGGTCGTGGCTTCTG TGTCTATGCAAATGGAGGCCGTGGCTTCTG TGTCTATGCTAATGGAGGTAAAGGCTTTTG	3	0.9851380042462845	GTATGATGTGTTACAAACGTAATAGAGC TATAGTTAATGGCATGAAAAGATCTTTC TTTCTTTGCTTCTTTCTATTATGTATGG	{7675} {7724} {7604}
6.62106473040372	18059	18276	217	18059	4	0.9915074309978769	CATCACAGGGCTCAGAATATGACTATGTCA CATCACAGGGTTCTGAATATGACTATGTCA CCTCACAGGGTTCTGAGTATGACTATGTCA CTTCACAGGGCTCGGAGTATGACTATGTCA	18246	3	0.9957537154989384	GGCAACTTTACAAGCTGAAAATGTAACAGG GGCTACATTACAAGCAGAAAATGTAACTGG GGCTACTTTACAAGCAGAAAATGTGACTGG	3	1.0	ATGTCTGATAGAGACCTTTATGACAAAT GACAGAGATCTTTATGATAAGCTGCAAT GATAGAGATCTTTATGACAAACTGCAAT	{18181} {18187} {18187}
6.673672960526725	487	732	245	487	5	0.9915074309978769	GCACTTGTGGCATAATCGATGTTGAAAAGG GCACTTGTGGCTTAGTAGAAGTTGAAAAAG GCACTTGTGGCTTAGTAGAGCTGGAAAAAG GCACTTGTGGTCTAGTAGAGCTGGAAAAAG GCACTTGTGGTTTAGTGGAGCTGGAAAAAG	702	2	0.9957537154989384	GTTCTTCTCCGTAAGAATGGTAATAAGGGA GTTCTTCTTCGTAAGAACGGTAATAAGGGA	3	0.9957537154989384	CACATGTGGGCGAAACCCCAATTGCATA CCCTATGTGTTTGTCAAACGTTCTGATG TCAACTTGAACAGCCCTATGTGTTCATC	{667} {540} {527}
6.678983757168364	19992	20185	193	19992	3	0.9915074309978769	CTGTTAATGTAGCGTTTGAGCTTTGGGCTA CTGTTAATGTGGCGTTTGAGCTTTGGGCCA CTGTTAATGTTGCATTTGAGCTTTGGGCTA	20155	4	0.9915074309978769	GACCGACATTGCTAAGAAACCTACTGAGAG GACTGACATAGCAAAGAAACCTACTGAAAC GACTGACATAGCCAAGAAACCAACTGAAAC GACTGACATTGCCAAGAAACCTACTGAGAG	4	0.9915074309978769	AACATTAAACCAGTGCCAGAGATTAAGA AACCTGTTCCAGAAGTGAAAATACTCAA CTGAGATTAAGATACTCAATAATTTGGG GCAACATTAAACCAGTACCAGAGGTGAA	{20027} {20034} {20043} {20025}
6.682221916171137	17301	17551	250	17301	2	0.9936305732484076	ACCACCAGGTACTGGTAAGAGTCATTTTGC ACCACCTGGTACTGGTAAGAGTCATTTTGC	17521	5	0.9915074309978769	GTCTTTTGTACTGTAAATGCATTGCCTGAG GTGTTCTGTACAGTGAATGCACTACCAGAA GTTTTCTGCACTGTAAATGCACTGCCTGAA GTTTTCTGCACTGTAAATGCATTGCCAGAA GTTTTCTGCACTGTTAATGCTCTGCCCGAA	3	0.9893842887473461	CATTAAAATATCTGCCCATTGATAAATG GGCATTAAAATACTTGCCTATAGATAAG TTTGACAAATTCAAAGTGAATTCAACAT	{17417} {17415} {17482}
6.744187395870146	12758	12981	223	12758	4	0.9936305732484076	GGAAATCCAACAGGTTGTAGATGCAGATAG GGAAATCCAGCAAGTTGTTGATGCGGATAG GGAAATTCAGCAAGTTGTTGATGCAGATAG GGAGATCCAGCAAGTTGTAGACGCAGATAG	12951	3	0.9936305732484076	ACAGCTTGTAATGAGGATAATGCATTAGCC ACAGCTTGTACTGATGACAATGCACTTGCC ACTGCTTGCACTGATGACAATGCGTTAGCT	4	0.9936305732484076	CGACAGATGTCTTGTGCGGCTGGTACTA CTCTTATTGTTACAGCTCTAAGGGCCAA TCCCGCTTAGTGAAATTAATATGGATAA TCCTAATATTGCTTGGCCTCTTATTGTA	{12918} {12844} {12796} {12827}
6.744187395870146	16861	17084	223	16861	5	0.9915074309978769	GAAACACTCAAAGCTACTGAGGAAACATTC GAAACACTTAAAGCAACAGAGGAGACCTTC GAAACGCTCAAAGCAACTGAGGAGACATTC GAAACGCTCAAAGCCACTGAGGAAACATTT GAAACGCTCAAAGCTACTGAGGAGACATTT	17054	2	0.9978768577494692	TTGAAAAAGGTGACTATGGTGATGCTGTTG TTGAAAAGGGTGACTACGGTGACGCTGTTG	4	1.0	ACGTGAAGTACTGTCTGATAAAGAACTT GGAGGTTGGAAAACCTAGACCACCATTG TGAAGTACTGTCAGATAGAGAACTTTAC TGAAGTGCTGTCTGACAGAGAATTACAT	{16917} {16956} {16920} {16920}
6.759771411322415	17301	17482	181	17301	2	0.9936305732484076	ACCACCAGGTACTGGTAAGAGTCATTTTGC ACCACCTGGTACTGGTAAGAGTCATTTTGC	17452	5	0.9915074309978769	ATCATACCCGCACGTGCCCGTGTGGAGTGT ATCATACCTGCACGTGCGCGTGTGGAGTGC ATCATACCTGCGCGTGCGCGCGTAGAGTGT ATTATACCAGCACGTGCTCGTGTTGAATGC ATTATACCTGCACGTGCTCGTGTAGAGTGT	5	0.9978768577494692	ATTAAAATATTTGCCCATAGATAAATGT CATTAAAATATCTGCCCATTGATAAATG GAGAAGGCATTAAAATATTTGCCTATAG GGCATTAAAATACTTGCCTATAGATAAG TAAAATATTTGCCTATAGATAAATGTAG	{17418} {17417} {17410} {17415} {17420}
6.784772960526724	18246	18491	245	18246	3	0.9957537154989384	GGCAACTTTACAAGCTGAAAATGTAACAGG GGCTACATTACAAGCAGAAAATGTAACTGG GGCTACTTTACAAGCAGAAAATGTGACTGG	18461	4	0.9915074309978769	GGTTACCCTAACATGTTCATCACCCGCGAA GGTTACCCTAACATGTTTATTACCCGTGAA GGTTACCCTAATATGTTTATCACCCGCGAA GGTTACCCTAATATGTTTATTACCCGTGAG	4	0.9893842887473461	ATACTAAATTCAAGACTGAAGGCCTCTG CCAAGGACATGACCTATAGGAGACTCAT GTAAGATCATAACTGGTCTTCATCCTAC TACCAGGAATACCAAAGGACATGACCTA	{18348} {18396} {18294} {18384}
6.786501087828205	13202	13448	246	13202	4	0.9936305732484076	CAGCTTAGCTGCTACTGTACGTTTACAAGC CAGTTTAGCTGCTACAGTACGTCTTCAGGC TAGTTTAGCTGCCACAGTACGTCTACAAGC TAGTTTAGCTGCCACAGTACGTCTTCAGGC	13418	3	0.9915074309978769	ATGGACCAAGAGTCCTTTGGTGGTGCTTCA ATGGATCAAGAATCCTTTGGTGGTGCATCG ATGGATCAAGAATCCTTTGGTGGTGCTTCT	4	0.9851380042462845	CACCGGTACAGGACAGGCAATCACGGTA CACTGGTACAGGACAGGCAATTACTGTA CATTTGCTGTAGATGCATCAAAAGCTTA TTACAAAGATTATCTAGCTAGTGGGGGA	{13375} {13375} {13283} {13308}
6.806626686365171	15516	15611	95	15516	3	0.9915074309978769	CCAAAATGTGACAGAGCCATGCCTAACATG CCAAAGTGTGACAGGGCCATGCCTAACATG CCTAAATGTGATAGAGCCATGCCTAACATG	15581	5	0.9915074309978769	ACATAACACTTGCTGTAACTTATCACACCG ACATACAACGTGTTGTAGCTTGTCACACCG ACATACTACTTGCTGTAGTTTGTCACATCG ACATAGCACGTGCTGTAACTTGTCGCACCG ACATAGCACTTGTTGTAACTTGTCACACCG	3	0.9978768577494692	CTTAGAATCATGGCTTCCCTCATTCTTG CTTAGAATTATGGCCTCACTTGTTCTTG CTTAGGATAATGGCCTCTCTTGTTCTTG	{15546} {15546} {15546}
6.853314670640964	1410	1632	222	1410	3	0.9915074309978769	ACATGTGGGTACCTACCTACTAATGCTGTA ACTTGTGGTTACCTTCCTCAAAATGCTGTA ACTTGTGGTTACTTACCCCAAAATGCTGTT	1602	4	0.9957537154989384	AAGCGAGCCTACTGGGTCCCTCGTGCTAGT AAGCGTGCCTACTGGGTTCCTCGTGCTAGT AAGTGTGCCTATTGGGTGCCTCGTGCTGCT AAGTGTGCCTATTGGGTTCCACGTGCTAGC	5	0.9957537154989384	AAAGAAGTGGGACCTGAGCATAGTGTTG ACATTGAAACTCGACTCCGCAAGGGAGG CCAGAAATGGGACCTGAGCACAGTCTCG GCAAGGGAGGTAGGACTAGATGTTTTGG TCAGAAGTAGGACCTGAGCATAGTCTTG	{1473} {1522} {1473} {1540} {1473}
6.876222044777588	12552	12786	234	12552	3	1.0	GCAATGCAAACGATGCTTTTCACTATGCTT GCTATGCAAACAATGCTCTTCACTATGCTT GCTATGCAGACAATGCTTTTCACTATGCTT	12756	4	0.9936305732484076	TGGGAAATCCAACAGGTTGTAGATGCAGAT TGGGAAATCCAGCAAGTTGTTGATGCGGAT TGGGAAATTCAGCAAGTTGTTGATGCAGAT TGGGAGATCCAGCAAGTTGTAGACGCAGAT	5	0.9936305732484076	ACTACTGCAGCCAAACTAATGGTTGTTG CATGGTTGTTGTCCCTGACTATGGAACC TAATGGTTGTCATACCAGACTATAACAC TACAGCAGCCAAACTCATGGTTGTTGTC TACCTGATTATGGAACCTACAAGAATAC	{12663} {12680} {12679} {12665} {12691}
6.878822420167963	468	559	91	468	5	0.9936305732484076	CGTCAACATCTTAAAGATGGCACTTGTGGC CGTCAACATCTTCTTGACGGCACTTGTGGC CGTGAACACCTCAAAAATGGCACTTGTGGT CGTGAACATCTGAAAAGTGGCACTTGTGGC CGTGAACATCTTAAAAATGGCACTTGTGGC	529	3	0.9915074309978769	AACTCGAACAGCCCTATGTGTTTGTCAAAC AACTTGAACAGCCCTATGTGTTCATCAAAC AGCTTGAACAGCCCTATGTGTTCATTAAAC	4	0.9915074309978769	GTAGAGCTGGAAAAAGGCGTACTGCCCC TAATCGATGTTGAAAAGGGAGTACTCCC TAGTAGAAGTTGAAAAAGGCGTTTTGCC TAGTAGAGCTGGAAAAAGGTGTTTTACG	{501} {499} {499} {499}
6.878822420167963	27220	27311	91	27220	5	0.9915074309978769	GCATCGTAGGCTTGATGTGGCTTAGCTACT GTATAGTAGGCTTGATGTGGCTTAGCTACT GTATTGTAGGCTTGATGTGGCTTAGCTACT GTCTTGTAGGCTTGATGTGGCTCAGCTACT GTCTTGTGGGCTTGATGTGGCTTAGCTACT	27281	3	0.9915074309978769	CCGCTCAATGTGGTCATTCAACCCAGAAAC GCGTTCCATGTGGTCATTCAACCCAGAAAC GCGTTCCATGTGGTCATTCAATCCAGAAAC	4	0.9915074309978769	CATTGCTTCTTTCAGACTGTTTGCGCGT GTTGCTTCCTTCAGGCTGTTTGCTCGTA TCATTGCTTCATTCAGGCTATTTGCTCG TCATTGCTTCATTCAGGCTTTTTGCGCG	{27251} {27252} {27250} {27250}
6.971295040691433	30516	30693	177	30516	5	0.9936305732484076	GTCCAGAACAAACCCAAGGAAACTTCGGGG GTCCAGAACAAACCCAAGGAAACTTTGGGG GTCCAGAACAAACCCAAGGAAATTTCGGGG GTCCAGATCAAACTCAAGGAAACTTTGGAG GTCCTGAACAAACCCAAGGAAATTTTGGGG	30663	3	0.9957537154989384	CGGGAACATGGCTGACTTACACAGGTGCCA CGGGAACATGGCTGACTTATCATGGAGCCA CGGGAACGTGGTTGACCTACACAGGTGCCA	1	0.9915074309978769	TTGGAATGTCACGCATTGGCATGGAAGT	{30627}
6.9761729313414405	10992	11094	102	10992	5	0.9936305732484076	ACTAGGACCCCTTTCTGCGCAAACAGGAAT ACTAGGACCTCTTTCTGCTCAAACTGGAAT ACTGGGACCTCTTTCTGCACAAACAGGAAT ATTGGGACCTCTTTCTGCTCAAACAGGAAT TCTAGGACCACTATCAGCTCAAACTGGTAT	11064	3	0.9915074309978769	AAATGGTATGAACGGTCGCACTATCTTAGG AAATGGTATGAATGGACGTACCATATTGGG GAATGGTATGAATGGTCGTACTATCCTTGG	4	0.9872611464968153	GATATGTGTGCTGCTCTGAAAGAGCTTC GCCGTCTTAGATATGTGTGCTGCTTTGA GCCGTTTTAGATATGTGTGCTTCATTAA TGGATATGTGTGCTGCCTTAAAAGAGCT	{11032} {11023} {11023} {11030}
7.101022420167963	10663	10785	122	10663	3	0.9978768577494692	CCTCAATGGGTCATGTGGTAGTGTTGGTTT CCTTAATGGATCATGTGGTAGTGTTGGTTT CCTTAATGGTTCTTGTGGTAGTGTTGGTTT	10755	5	0.9936305732484076	TACACGCTGGCACCGACTTAGAAGGTAAAT TACACGCTGGTACTGACTTAGAAGGTAAAT TACATGCGGGCACAGATTTAGAAGGTACCT TGCACGCTGGTACTGACTTAGAAGGTAAAT TTCATGCTGGCACAGACTTAGAAGGTAACT	4	0.9936305732484076	ACATTGACTATGATTGCGTGTCCTTTTG CATTGATTATGATTGCGTGTCTTTCTGC GACTGTGTCTCTTTTTGTTACATGCACC TGACTGTGTCTCTTTTTGCTACATGCAT	{10695} {10696} {10706} {10705}
7.1112	1316	1440	124	1316	5	0.9915074309978769	ACATTGTAGTGAAACTTCATGGCAAACTGG TCATTGCGATGAAGTTTCATGGCAGACGTG TCATTGTGATGAAGCTTCTTGGCAGACGTG TCATTGTGATGAAGTTTCATGGCAGACGCG TCATTGTGGTGAAACTTCATGGCAGACGGG	1410	3	0.9915074309978769	ACATGTGGGTACCTACCTACTAATGCTGTA ACTTGTGGTTACCTTCCTCAAAATGCTGTA ACTTGTGGTTACTTACCCCAAAATGCTGTT	4	0.9936305732484076	CACTTGTGAACAATGTGGCACTGAAAAT CGACTTTCTGAAAGCCACTTGTGAACAT TGACTTCCTTAAAGCCACTTGTGAATTT TTGTTAAAGCCACTTGCGAATTTTGTGG	{1361} {1346} {1346} {1351}
7.123483757168364	17361	17554	193	17361	3	0.9957537154989384	ACGCATTGTTTATACAGCATGTTCACATGC TCGCATAGTGTATACAGCTTGCTCTCATGC TCGCATAGTGTATACGGCATGCTCTCATGC	17524	5	0.9936305732484076	TTCTGCACTGTAAATGCACTGCCTGAAACT TTCTGCACTGTAAATGCATTGCCAGAAACA TTCTGCACTGTTAATGCTCTGCCCGAAACT TTCTGTACAGTGAATGCACTACCAGAAACA TTTTGTACTGTAAATGCATTGCCTGAGACG	2	0.9978768577494692	AGTGAATTCAACACTAGAACAGTATGTT CATTAAAATATCTGCCCATTGATAAATG	{17496} {17417}
7.1250302666619225	30442	30691	249	30442	5	0.9915074309978769	AGCTTCTAAGAAGCCCAGACAAAAACGAAC GGCATCGAAGAAGCCTCGCCAAAAACGTAC GGCATCTAAAAAGCCTCGCCAAAAACGTAC GGCTTCCAAGAAACCTCGCCAAAAACGTAC GGCTTCTAAGAAGCCTCGGCAAAAACGTAC	30661	3	0.9957537154989384	TTCGGGAACATGGCTGACTTACACAGGTGC TTCGGGAACATGGCTGACTTATCATGGAGC TTCGGGAACGTGGTTGACCTACACAGGTGC	1	0.9915074309978769	TTGGAATGTCACGCATTGGCATGGAAGT	{30627}
7.182343765448655	18318	18491	173	18318	4	0.9915074309978769	CAACACAGGCACCTACACATCTCAGTGTTG CTACACAAGCACCAACTTACCTTAGTGTTG CTACACAGGCACCGACACACCTCAGTGTTG CTACACAGGCACCTACACACCTCAGCGTTG	18461	4	0.9915074309978769	GGTTACCCTAACATGTTCATCACCCGCGAA GGTTACCCTAACATGTTTATTACCCGTGAA GGTTACCCTAATATGTTTATCACCCGCGAA GGTTACCCTAATATGTTTATTACCCGTGAG	3	0.9851380042462845	ACTAAATTCAAAACTGAAGGTTTATGTG ATACTAAATTCAAGACTGAAGGCCTCTG TACCAGGAATACCAAAGGACATGACCTA	{18350} {18348} {18384}
7.1867146706409635	15556	15778	222	15556	3	0.9936305732484076	TGGCCTCTCTTGTTCTTGCTCGCAAACATA TGGCTTCACTTGTTCTTGCTCGCAAACATA TGGCTTCCCTCATTCTTGCTCGCAAACATA	15748	5	0.9915074309978769	GTCAAGCAGTAACAGCTAATGTAAATGCAC GTCAAGCTGTCACGGCCAATGTTAATGCAC GTCAAGCTGTGACAGCTAATGTAAATGCAC GTCAAGCTGTTACAGCCAATGTAAATGCAC GTCAGGCTGTTACTGCCAATGTGAATGCAC	2	0.9872611464968153	CTTGCTGTAGTTTGTCACATCGTTTCTA TCACTATATGTTAAACCAGGTGGAACAT	{15589} {15672}
7.206909836406473	17361	17482	121	17361	3	0.9957537154989384	ACGCATTGTTTATACAGCATGTTCACATGC TCGCATAGTGTATACAGCTTGCTCTCATGC TCGCATAGTGTATACGGCATGCTCTCATGC	17452	5	0.9915074309978769	ATCATACCCGCACGTGCCCGTGTGGAGTGT ATCATACCTGCACGTGCGCGTGTGGAGTGC ATCATACCTGCGCGTGCGCGCGTAGAGTGT ATTATACCAGCACGTGCTCGTGTTGAATGC ATTATACCTGCACGTGCTCGTGTAGAGTGT	5	0.9978768577494692	ATTAAAATATTTGCCCATAGATAAATGT CATTAAAATATCTGCCCATTGATAAATG CATTGAAATATTTGCCTATAGACAAGTG GGCATTAAAATACTTGCCTATAGATAAG TAAAATATTTGCCTATAGATAAATGTAG	{17418} {17417} {17417} {17415} {17420}
7.2095267230863795	18093	18276	183	18093	5	0.9915074309978769	CACACAAACAACTGAAACTGCACACTCTTG CACACAAACCACTGAGACTGCACACTCTTG CACACAAACTACTGAAACAGCACACTCTTG CACGCAAACTACCGAAACAGCACACTCTTG CACTCAAACCACTGAAACAGCTCACTCTTG	18246	3	0.9957537154989384	GGCAACTTTACAAGCTGAAAATGTAACAGG GGCTACATTACAAGCAGAAAATGTAACTGG GGCTACTTTACAAGCAGAAAATGTGACTGG	3	1.0	ATGTCTGATAGAGACCTTTATGACAAAT GACAGAGATCTTTATGATAAGCTGCAAT GATAGAGATCTTTATGACAAACTGCAAT	{18181} {18187} {18187}
7.2121224201679635	16794	16978	184	16794	3	0.9915074309978769	CTGGACAAATGCTGGTGATTACATTTTAGC TTGGACAAATGCTGGTGATTACATTCTTGC TTGGACTAATGCTGGCGATTACATACTTGC	16948	5	0.9936305732484076	CTTTCATGGGAAGTTGGTAAACCTAGACCA CTTTCATGGGAGGTAGGAAAACCAAGACCA CTTTCATGGGAGGTTGGAAAACCTAGACCA CTTTCGTGGGAGGTAGGAAAACCTAGACCA CTTTCTTGGGAAGTAGGAAAACCTAGACCA	3	0.9915074309978769	TGAAGTACTGTCAGATAGAGAACTTTAC TGTACTGAGAGACTCAAGCTTTTCGCAG TTCAAGCTGTCATATGGTATTGCCACTG	{16920} {16831} {16888}
7.222265756109888	1199	1440	241	1199	5	0.9915074309978769	ACCAAGGGTTGAAAAGAAAAAGCTTGATGG ACCACGTGTTGAAAAGAAAAAGACTGAAGG ACCACGTGTTGAAAAGAAAAAGACTGAGGG ACCACGTGTTGAAAAGAAAAAGCTTGAGGG ACCGCGTGTTGAAAAGAAAAAGACTGAAGG	1410	3	0.9915074309978769	ACATGTGGGTACCTACCTACTAATGCTGTA ACTTGTGGTTACCTTCCTCAAAATGCTGTA ACTTGTGGTTACTTACCCCAAAATGCTGTT	2	0.9893842887473461	CTTTATGGGTAGAATTCGATCTGTCTAT TGCGACTTTCTGAAAGCCACTTGTGAAC	{1229} {1344}
7.2411786676602405	10663	10819	156	10663	3	0.9978768577494692	CCTCAATGGGTCATGTGGTAGTGTTGGTTT CCTTAATGGATCATGTGGTAGTGTTGGTTT CCTTAATGGTTCTTGTGGTAGTGTTGGTTT	10789	5	0.9936305732484076	CGGACCTTTTGTTGACAGACAGACAGCTCA TGGACCTTTTGTTGACAGGCAAACAGCACA TGGTCCATTTGTTGACAGACAAACTGCACA TGGTCCTTTTGTAGACAGACAAACAGCACA TGGTCCTTTTGTAGATAGACAGACTGCACA	4	0.9936305732484076	ACATTGACTATGATTGCGTGTCCTTTTG CATTGATTATGATTGCGTGTCTTTCTGC GACTGTGTCTCTTTTTGTTACATGCACC TGACTGTGTCTCTTTTTGCTACATGCAT	{10695} {10696} {10706} {10705}
7.2440827288338285	12954	13151	197	12954	4	0.9936305732484076	GCTTGCACTGATGACAATGCGTTAGCTTAC GCTTGTAATGAGGATAATGCATTAGCCTAC GCTTGTACTGATGACAATGCACTCGCCTAT GCTTGTACTGATGACAATGCACTTGCCTAC	13121	4	0.9915074309978769	AGACACACCAAAAGGACCTAAAGTGAAGTA AGACACACCAAAAGGGCCTAAAGTGAAATA AGACACACCTAAAGGTCCTAAAGTGAAGTA AGACACCCCAAAAGGACCTAAAGTGAAATA	3	0.9936305732484076	ATAACACATCAAAGGGAGGTAGGTTTGT GCTGGCATTACTATCAGACCACCAAGAT TGGTACTATCTATACAGAACTGGAACCA	{12985} {13013} {13076}
7.248728706359164	17187	17386	199	17187	5	0.9957537154989384	GCACTATGTGAGAATTACAGGCTTATACCC GCACTATGTGAGAATTACTGGCTTGTACCC GCACTATGTGCGAATAACTGGCTTATACCC GCACTATGTTAGAATTACTGGCTTATACCC GCATTATGTTAGGATTACTGGCTTGTACCC	17356	3	0.9936305732484076	TCAGCACGCATTGTTTATACAGCATGTTCA TCTGCTCGCATAGTGTATACAGCTTGCTCT TCTGCTCGCATAGTGTATACGGCATGCTCT	3	0.9978768577494692	CACTCAACATCTCAGATGAGTTTTCTAG CCAGAAAGTTGGTATGCAAAAATACTCA TCTAATGAGTTTTCTAGCAATGTTGCAA	{17219} {17262} {17230}
7.28776473040372	13046	13263	217	13046	3	0.9957537154989384	ATGGGCTAGATTCCCTAAGAGTGATGGTAC GTGGGCCAGATTTCCTAAATCTGATGGTAC GTGGGCTAGATTCCCTAAGAGTGATGGAAC	13233	5	0.9915074309978769	GGAAATGCTACAGAAGTACCTGCCAATTCA GGTAACGCTACAGAAGTACCTGCCAATTCA GGTAATGCAACAGAAGTGCCTGCCAATTCA GGTAATGCAACTGAAGTGCCAGCCAACTCA GGTAATGCGACAGAAGTGCCTGCCAACTCA	3	1.0	CTGGGCAGTTTAGCTGCTACAGTACGTC TGGTACTATCTATACAGAACTGGAACCA TTGAATAGAGGTATGGTACTGGGCAGCT	{13197} {13076} {13179}
7.309472931341441	1325	1553	228	1325	5	0.9915074309978769	TGAAACTTCATGGCAAACTGGTGACTTCCT TGAAACTTCATGGCAGACGGGCGATTTTGT TGAAGCTTCTTGGCAGACGTGTGATTTTCT TGAAGTTTCATGGCAGACGTGCGACTTTCT TGAAGTTTCATGGCAGACGTGTGATTTCTT	1523	3	0.9915074309978769	CATTGAAACTCGACTCCGCAAGGGAGGTAG CTTGAAAACCATTCTTCGTAAGGGTGGTCG TATTAAAACCACTCTTCGTAAAGGTGGTCG	3	0.9915074309978769	CACTTGTGAATTTTGTGGTACTGAAAAT CTACATGTGGGTACCTACCTACTAATGC TTGCGAATTTTGTGGCACTGAGAATTTG	{1361} {1408} {1364}
7.350468425664694	18817	19012	195	18817	4	0.9915074309978769	GGCACATGGCTTTGAACTCACATCGATGAA GGCACATGGCTTTGAGTTGACATCTATGAA GGCGCATGGCTTTGAGCTTACATCAATGAA GGCTCATGGCTTTGAACTTACATCAATGAA	18982	4	0.9936305732484076	GATTGATGTCCAGCAATGGGGCTTTACAGG GATTGATGTCCAGCAGTGGGGTTTTACAGG GATTGATGTTCAACAATGGGGTTTTACAGG GATTGATGTTCAGCAGTGGGGCTTTACGGG	4	0.9851380042462845	ACGTGTTGTCTGTGTGACAGACGTGCGA CAAGATTGGACCAGAAAGAACGTGTTGT TGCTTTTCTACTTCATCAGATACTTATG TGTGAAAATAGGACCTGAGCGCACCTGT	{18875} {18856} {18905} {18853}
7.3755790169831394	26303	26509	206	26303	5	0.9915074309978769	CCAAATTGGTGGTTATACGGAAAAGTGGGA CCAAATTGGTGGTTATTCTGAGAATTGGCA CCAAATTGGTGGTTATTCTGAGGATAGGCA CCAAATTGGTGGTTATTCTGAGGATTGGCA CCAGATTGGTGGTTATACTGAAAAATGGGA	26479	3	0.9936305732484076	ATGTCCAAATTCACACAATCGACGGTTCAT ATGTGCAAATACACACAATCGACGGCTCTT ATGTTCAAATTCACACAATCGACGGCTCAT	4	0.9872611464968153	ACACTGGTGTTGAACATGTTACCTTCTT CATGGCTATTTCGCCGAAGTTCACTACC GTGTTAAAGACTGTGTTACATTACATGG TGGCTATTTCACCGAAGTTTACTACCAG	{26416} {26361} {26338} {26363}
7.394754842851935	13233	13448	215	13233	5	0.9915074309978769	GGAAATGCTACAGAAGTACCTGCCAATTCA GGTAACGCTACAGAAGTACCTGCCAATTCA GGTAATGCAACAGAAGTGCCTGCCAATTCA GGTAATGCAACTGAAGTGCCAGCCAACTCA GGTAATGCGACAGAAGTGCCTGCCAACTCA	13418	3	0.9915074309978769	ATGGACCAAGAGTCCTTTGGTGGTGCTTCA ATGGATCAAGAATCCTTTGGTGGTGCATCG ATGGATCAAGAATCCTTTGGTGGTGCTTCT	4	0.9851380042462845	CACCGGTACAGGACAGGCAATCACGGTA CACTGGTACAGGACAGGCAATTACTGTA CATTTGCTGTAGATGCATCAAAAGCTTA TTACAAAGATTATCTAGCTAGTGGGGGA	{13375} {13375} {13283} {13308}
7.453201087828204	21238	21484	246	21238	5	0.9915074309978769	GTGCAACAGTACATACGGCTAATAAATGGG GTGCAACCGTACACACAGCTAATAAATGGG GTGCAACCGTACATACAGCTAATAAATGGG GTGCAACTGTACATACAGCTAATAAATGGG GTGCTACTGTACATACAGCTAATAAATGGG	21454	3	0.9957537154989384	TCGCATGGTGGACAGCCTTTGTTACTAATG TCTCATGGTGGACAGCTTTTGTTACAAATG TTGCATGGTGGACTGCTTTTGTTACTAATG	4	0.9978768577494692	ATCTGTGGATTTATACAACAAAAGTTAG ATTTGTGGGTTTATACAACAAAAGCTAG TATGTGGATTTATTAAACAAAAACTAGC TGTGTGGATTTATAAAGCAAAAACTAGC	{21351} {21351} {21352} {21352}
7.454919948987032	13995	14242	247	13995	3	0.9936305732484076	ACGTCAACGTCTAACTAAGTACACAATGGC ACGTCAACGTCTTACTAAATACACAATGGC ACGTCAGCGTCTAACTAAATACACAATGGC	14212	5	0.9915074309978769	AAAACAGTACAATTCTGTGATGCCATGCGA AAAACTGTGCAATTCTGCGATGCTATGCGC AAGACTGTACAATTCTGCGATGCTATGCGT AAGACTGTACAGTTTTGCGATGCTATGCGT AAGACTGTGCAATTCTGCGATGCCATGCGC	4	0.9893842887473461	ATTTTGTAGAAAATCCTGATGTTCTACG CGCGTATATGCTAACTTAGGTGAGCGTG GCCAACTTAGGTGAACGTGTACGCCAAG TTTGTAGAAAATCCTGACATCCTGCGCG	{14141} {14167} {14176} {14143}
7.4600219161711365	26303	26553	250	26303	5	0.9915074309978769	CCAAATTGGTGGTTATACGGAAAAGTGGGA CCAAATTGGTGGTTATTCTGAGAATTGGCA CCAAATTGGTGGTTATTCTGAGGATAGGCA CCAAATTGGTGGTTATTCTGAGGATTGGCA CCAGATTGGTGGTTATACTGAAAAATGGGA	26523	3	0.9936305732484076	CCAGCAATGGATCCAATTTATGATGAGCCG CCAGCAATGGATCCTATCTATGATGAGCCG CCAGTAATGGAACCAATTTATGATGAACCG	4	0.9978768577494692	ACACTGGTGTTGAACATGTTACCTTCTT GTGTTAAAGACTGTGTTACATTACATGG TACACACAATCGACGGCTCTTCTGGAGT TGGCTATTTCACCGAAGTTTACTACCAG	{26416} {26338} {26488} {26363}
7.560935466635868	12841	12947	106	12841	5	0.9915074309978769	GGCCTCTTATTGTAACAGCTTTAAGGGCCA GGCCTCTTATTGTCACTGCTTTAAGAGCTA GGCCTCTTATTGTTACAGCTCTAAGAGCCA GGCCTCTTATTGTTACAGCTTTAAGAGCCA GGCCTCTTATTGTTACTGCACTAAGAGCCA	12917	4	0.9915074309978769	ACGACAGATGTCCTGTGCGGCTGGTACCAC ACGACAGATGTCTTGTGCGGCTGGTACTAC ACGACAGATGTCTTGTGCTGCCGGTACTAC TCGACAGATGTCATGTGCTGCAGGTACTAC	3	0.9915074309978769	AGAATAATGAGCTTAGTCCTGTTGCACT CAGAATAATGAGCTGAGTCCAGTAGCAC CTACAGAATAATGAACTGAGTCCCGTAG	{12889} {12888} {12885}
7.646111090344212	822	942	120	822	5	0.9915074309978769	TGGAACACTAAACATAGCAGTGGTGTTACC TGGAACACTAAACATGGCAGTGGTGCCCTT TGGAACACTAAACATGGCAGTGGTGTAACT TGGAACACTAAGCATGGCAGTGGTGCACTC TGGAACACTAAGCATGGCAGTGGTGCTCTC	912	4	0.9915074309978769	TGTGGCCCAGATGGGTACCCTCTTGATTGC TGTGGCCCGGATGGGTATCCTCTTGAATGC TGTGGCCCTGATGGCTACCCTCTTGAGTGC TGTGGCCCTGATGGGTATCCTCTTGACTGC	3	0.9851380042462845	ACGGAGGGGCATACACTCGCTATGTCGA ACGGAGGTGCATACACTCGCTATGTAGA ACTCGTGAGCTCAATGGAGGTGCAGTCA	{874} {874} {861}
7.777899999999999	914	1038	124	914	4	0.9915074309978769	TGGCCCAGATGGGTACCCTCTTGATTGCAT TGGCCCGGATGGGTATCCTCTTGAATGCAT TGGCCCTGATGGCTACCCTCTTGAGTGCAT TGGCCCTGATGGGTATCCTCTTGACTGCAT	1008	5	0.9936305732484076	GAATCGAAGAGAGGCGTCTACTGCTGCCGT GAATCGAAGCGTGGTGTCTATTGCTGCCGT GACACTAAAAGAGGTGTGTACTGCTGCCGT GACACTAAGAGGGGTGTATACTGCTGCCGT GAGTCGAAGAGAGGTGTCTACTGCTGCCGT	4	0.9936305732484076	CAAAGACTTATTAGCTCGTGCTGGAAAG GCACGTGCTGGTAAAGCTTCATGCACTT GCGGGCAAGTCAATGTGCACTCTTTCCG TAAAGATCTTCTCGCTCGTGCGGGTAAG	{944} {957} {963} {944}
7.85466788931984	15427	15602	175	15427	4	0.9915074309978769	GAACAAGCAAATTCTATGGTGGTTGGCACA GAACAAGCAAATTTTATGGTGGCTGGCATA GAACAAGCAAGTTTTACGGTGGCTGGCATA GAACTAGTAAATTCTATGGTGGCTGGAACA	15572	5	0.9915074309978769	TGCTCGCAAACATAACACTTGCTGTAACTT TGCTCGCAAACATACAACGTGTTGTAGCTT TGCTCGCAAACATACTACTTGCTGTAGTTT TGCTCGCAAACATAGCACGTGCTGTAACTT TGCTCGCAAACATAGCACTTGTTGTAACTT	3	0.9936305732484076	ATGCTTAGAATTATGGCTTCTCTTGTTC TGCTTAGGATAATGGCCTCTCTTGTTCT TGTTTATAGTGATGTAGAAAACCCTCAC	{15543} {15544} {15470}
7.897701087828204	8497	8650	153	8497	4	0.9915074309978769	CATGACACCCCGTGACCTTGGTGCTTGTAT CATGACGCCCAGAGATCTTGGCGCATGTAT CATGACGCCTAGAGATCTAGGTGCTTGTAT CATGACGCCTAGAGATCTTGGTGCATGTAT	8620	5	0.9936305732484076	ACAACTACGAAAACAAATACGTAGTGCTGC ACAACTGCGTAAACAAATACGTAGTGCTGC ACAGCTGCGCAAGCAAATTCGCAGTGCTGC ACAGCTGCGTAAACAAATTCGTAGTGCTGC ACAGTTGCGCAAGCAAATTCGTAGTGCTGC	4	1.0	ACGTCATATTAATGCACAAGTAGCAAAA CTCATTTGGAATGTAAAAGACTACATGT GCAAGGCATATCAATGCCCAAGTAGCAA GCGTCATATTAATGCGCAGGTAGCAAAA	{8539} {8582} {8537} {8539}
7.972333761645286	18817	18960	143	18817	4	0.9915074309978769	GGCACATGGCTTTGAACTCACATCGATGAA GGCACATGGCTTTGAGTTGACATCTATGAA GGCGCATGGCTTTGAGCTTACATCAATGAA GGCTCATGGCTTTGAACTTACATCAATGAA	18930	5	0.9915074309978769	ATGCCTGCTGGAATCATTCTGTGGGTTTTG ATGCCTGTTGGAATCACTCTGTGAGCTTTG ATGCCTGTTGGCATCATTCTATTGGATTTG ATGCGTGTTGGCATCACTCAGTTGGATTTG ATGCTTGCTGGAACCACTCTGTGGGTTTTG	5	0.9957537154989384	ACGTGTTGTCTGTGTGACAGACGTGCGA CAAGATTGGACCAGAAAGAACGTGTTGT TATGTGACAAACGTGCTACCTGTTTTTG TGTGAAAATAGGACCTGAGCGCACCTGT TTGTCAAGATTGGACCTGAACGAACGTG	{18875} {18856} {18885} {18853} {18852}
7.98557439218088	422	655	233	422	4	0.9915074309978769	AGTACGTGGCTTTGGGGACTCTGTGGAAGA AGTGCGTGGCTTCGGGGACTCTGTGGAAGA AGTGCGTGGTTTCGGGGATACTGTGGAAGA CGTACGTGGCTTTGGAGACTCCGTGGAGGA	625	5	0.9936305732484076	TTCAGTACGGTCGTAGCGGTATAACACTGG TTCAGTACGGTCGTAGCGGTATAACTCTGG TTCAGTACGGTCGTAGCGGTGAGACTCTTG TTCAGTACGGTCGTAGTGGTGAGACACTTG TTCAGTTCGGTCGTAGCGGTACAACACTGG	3	0.9978768577494692	CCCTATGTGTTCATCAAACGTTCGGATG CGGAAGCACGTGAACATCTTAAAAATGG GTAGAGCTGGAAAAAGGCGTACTGCCCC	{540} {460} {501}
7.98557439218088	18660	18893	233	18660	5	0.9915074309978769	CCAGAGTTAATGCAAAACCTCCACCAGGTG CCAGAGTTAATGCGAAACCTCCTCCAGGTG CCAGAGTTAGTGCTAAACCACCGCCTGGAG CTAGAGTCAATGCAAAACCTCCTCCAGGTG CTAGGGTGAGTGCTAAACCACCACCTGGTG	18863	4	0.9915074309978769	GGACCTGAAAGAACGTGTTGTCTGTGCGAC GGACCTGAAAGAACGTGTTGTCTGTGTGAC GGACCTGAACGCACTTGTTGCTTATGTGAC GGACCTGAGCGCACCTGTTGTCTATGTGAT	3	0.9978768577494692	CTGAAAGGATTGTCAGACAGAGTCGTGT CTTGGAATGTAGTGCGTATAAAGATTGT GACAGAGTCGTGTTTGTCCTTTGGGCAC	{18779} {18732} {18794}
7.997585737400774	18660	18847	187	18660	5	0.9915074309978769	CCAGAGTTAATGCAAAACCTCCACCAGGTG CCAGAGTTAATGCGAAACCTCCTCCAGGTG CCAGAGTTAGTGCTAAACCACCGCCTGGAG CTAGAGTCAATGCAAAACCTCCTCCAGGTG CTAGGGTGAGTGCTAAACCACCACCTGGTG	18817	4	0.9915074309978769	GGCACATGGCTTTGAACTCACATCGATGAA GGCACATGGCTTTGAGTTGACATCTATGAA GGCGCATGGCTTTGAGCTTACATCAATGAA GGCTCATGGCTTTGAACTTACATCAATGAA	4	0.9893842887473461	ATTAAGATTGTTCAAATGCTCAGTGACA CTGAAAGGATTGTCAGACAGAGTCGTGT CTTGGAATGTAGTGCGTATAAAGATTGT TCAGTGACACGCTGAAGGGATTGTCTGA	{18749} {18779} {18732} {18768}
8.0001	17792	17980	188	17792	4	0.9936305732484076	CCGAAATTGTTGACACAGTGAGTGCCTTAG CTGAAATAGTTGACACTGTAAGTGCTCTAG CTGAAATTGTCGACACTGTGAGTGCTTTAG CTGAAATTGTTGACACTGTGAGTGCTTTAG	17950	5	0.9915074309978769	TTCCTTACACGTAACCCTGCTTGGAGAAAA TTTCTAACACGCAACCCTACTTGGAGAAAG TTTCTTACACGCAACCCTGCTTGGAGAAAA TTTCTTACACGCAATCCTGCTTGGAGAAAA TTTCTTACGCGCAACCCTGCTTGGAGAAAA	4	0.9978768577494692	AATAAGCTAAAAGCACACAAGGAGAAGT ACATGATGTTTCATCTGCAATCAACAGG TACAAGGGTGTTATAACACATGATGTCT TTATAAGGGTGTTATCACGCATGATGTT	{17830} {17898} {17881} {17880}
8.008801087828203	18319	18565	246	18319	4	0.9936305732484076	AACACAGGCACCTACACATCTCAGTGTTGA TACACAAGCACCAACTTACCTTAGTGTTGA TACACAGGCACCTACACACCTCAGCGTTGA TACACAGGCACCTACACACCTCAGTGTTGA	18535	5	0.9936305732484076	AGGGTGTCATGCTACAAGAGAAGCTGTTGG GGGCTGTCATGCAACTAGAGATGCTGTGGG GGGGTGTCATGCTACTAGAGAAGCTGTTGG GGGTTGTCATGCAACAAGGGATGCTGTGGG GGGTTGTCATGCTACTAGAGATGCTGTAGG	3	0.9957537154989384	CCAAGTCAATGGTTACCCTAATATGTTT CTGAAGGTTTGTGTGTCGACATACCAGG TGTGTTGACATACCAGGCATACCAAAGG	{18451} {18363} {18374}
8.013930266661921	18598	18847	249	18598	5	0.9915074309978769	AGGTGTCAATCTAGTAGCAGTTCCTACAGG AGGTGTTAACCTAGTGGCCGTACCAACTGG AGGTGTTAACCTAGTTGCTGTACCTACAGG AGGTGTTAACTTAGTAGCTGTACCGACTGG AGGTGTTAATCTAGTAGCTGTACCAACTGG	18817	4	0.9915074309978769	GGCACATGGCTTTGAACTCACATCGATGAA GGCACATGGCTTTGAGTTGACATCTATGAA GGCGCATGGCTTTGAGCTTACATCAATGAA GGCTCATGGCTTTGAACTTACATCAATGAA	3	0.9851380042462845	AATAATACAGATTTTTCCAGAGTTAGTG AGAGTCAATGCAAAACCTCCTCCAGGTG CTGAAAGGATTGTCAGACAGAGTCGTGT	{18644} {18662} {18779}
8.046740537842753	17457	17554	97	17457	5	0.9936305732484076	ACCAGCACGTGCTCGTGTTGAATGCTTTGA ACCCGCACGTGCCCGTGTGGAGTGTTTTGA ACCTGCACGTGCGCGTGTGGAGTGCTTTGA ACCTGCACGTGCTCGTGTAGAGTGTTTTGA ACCTGCGCGTGCGCGCGTAGAGTGTTTTGA	17524	5	0.9936305732484076	TTCTGCACTGTAAATGCACTGCCTGAAACT TTCTGCACTGTAAATGCATTGCCAGAAACA TTCTGCACTGTTAATGCTCTGCCCGAAACT TTCTGTACAGTGAATGCACTACCAGAAACA TTTTGTACTGTAAATGCATTGCCTGAGACG	2	0.9957537154989384	AGTGAATTCAACACTAGAACAGTATGTT AGTTAATTCGACACTAGAGCAATATGTG	{17496} {17496}
8.055189493487164	21238	21450	212	21238	5	0.9915074309978769	GTGCAACAGTACATACGGCTAATAAATGGG GTGCAACCGTACACACAGCTAATAAATGGG GTGCAACCGTACATACAGCTAATAAATGGG GTGCAACTGTACATACAGCTAATAAATGGG GTGCTACTGTACATACAGCTAATAAATGGG	21420	4	0.9915074309978769	TGGAATGCTGACCTTTACAAGCTTATGGGC TGGAATGCTGATCTCTACAAGCTTATGGGG TGGAATGCTGATCTTTACAAGCTTATGGGA TGGAATGCTGATCTTTATAAGCTCATGGGA	4	0.9872611464968153	ATCTGTGGATTTATACAACAAAAGTTAG ATTTGTGGGTTTATACAACAAAAGCTAG GAAGGGTTTTTCACTTATCTTTGTGGAT TGTGTGGATTTATAAAGCAAAAACTAGC	{21351} {21351} {21333} {21352}
8.126721916171137	13233	13483	250	13233	5	0.9915074309978769	GGAAATGCTACAGAAGTACCTGCCAATTCA GGTAACGCTACAGAAGTACCTGCCAATTCA GGTAATGCAACAGAAGTGCCTGCCAATTCA GGTAATGCAACTGAAGTGCCAGCCAACTCA GGTAATGCGACAGAAGTGCCTGCCAACTCA	13453	4	0.9915074309978769	CTTGTACTGTAGATGCCACATAGATCATCC TCTGTACTGCCGTTGCCACATAGATCATCC TCTGTATTGTAGATGCCACATTGACCATCC TTTGTACTGCAGATGCCACATTGACCATCC	4	0.9893842887473461	AACAGTTACACCGGAAGCCAATATGGAT CACCGGTACAGGACAGGCAATCACGGTA CACTGGTACAGGACAGGCAATTACTGTA CATTTGCTGTAGATGCATCAAAAGCTTA	{13396} {13375} {13375} {13283}
8.182732422683971	16956	17176	220	16956	5	0.9957537154989384	GGAAGTAGGAAAACCTAGACCACCTCTCAA GGAAGTTGGTAAACCTAGACCACCACTTAA GGAGGTAGGAAAACCAAGACCACCATTGAA GGAGGTAGGAAAACCTAGACCACCACTGAA GGAGGTTGGAAAACCTAGACCACCATTGAA	17146	4	0.9936305732484076	ACAGTAATGCCACTAAGTGCACCAACACTA ACAGTAATGCCATTAAGTGCACCTACACTA ACAGTCATGCCACTGAGTGCACCAACATTA ACTGTAATGCCACTTAGTGCACCTACTCTA	5	1.0	AAAAAGGTGATTATGGTGATGCTGTTGT AGAGGTACTACGACATACAAGTTGAATG ATGCTGTTGTGTACAGAGGTACTACAAC ATGCTGTTGTTTACCGAGGTACAACAAC GTGATGCTGTTGTATACAGAGGTACTAC	{17057} {17089} {17075} {17075} {17072}
8.212122420167963	16275	16459	184	16275	4	0.9915074309978769	CCCAAACCAGGAATATGCTGATGTTTTCCA CCCCAACCAGGAGTATGCTGATGTTTTCCA CCCTAATCAAGAGTATGCTGATGTTTTCCA TCCTAATCAGGAGTATGCTGATGTCTTTCA	16429	5	0.9936305732484076	ATGTACACACCACACACAGTCTTACAGGCT ATGTACACACCACACACAGTTTTACAAGCT ATGTACACACCACACACGGTCTTGCAGGCT ATGTACACACCACATACAGTCTTGCAGGCT ATGTACACACCGCATACAGTCTTACAGGCT	6	0.9936305732484076	AATGATAACACCTCACGGTATTGGGAAC CAAGGTACTGGGAACCTGAGTTTTACGA CGGTCACATGTTAGACATGTATTCTGTA TAATGATAGTACTTCAAGGTATTGGGAG TCAAGGTATTGGGAACCTGAGTTTTATG TCGAGGTACTGGGAACCTGAATTTTATG	{16384} {16397} {16347} {16383} {16396} {16396}
8.23226437332145	14668	14794	126	14668	5	0.9915074309978769	GTGTACCATTTGTTGTCTCAACAGGATACC GTGTACCTTTTGTTGTTTCAACAGGTTACC GTGTACCTTTTGTTGTTTCAACGGGTTACC GTGTTCCATTTGTAGTTTCAACTGGATACC GTGTTCCTTTTGTTGTTTCAACTGGATACC	14764	5	0.9936305732484076	AGGAACTTTTAGTGTATGCCGCTGACCCAG AGGAACTTTTAGTGTATGCTGCCGACCCAG AGGAACTTTTAGTGTATGCTGCTGATCCAG AGGAACTTTTAGTGTATGCTGCTGATCCTG AGGAATTACTTGTGTATGCTGCTGACCCTG	2	0.9978768577494692	ATCAAGATGTAAACATACATAGCTCGAG GGAGTCGTACATAATCAGGATGTAAACT	{14725} {14712}
8.257823411032158	13187	13390	203	13187	4	0.9957537154989384	AGGTATGGTACTGGGCAGTTTAGCTGCTAC AGGTATGGTACTGGGTAGTTTGGCTGCCAC AGGTATGGTACTTGGTAGTTTAGCTGCCAC AGGTATGGTGCTGGGCAGTTTAGCTGCTAC	13360	5	0.9915074309978769	GATGTTGTGCACACACACTGGTACAGGACA GATGTTGTGTACACACACCGGTACAGGACA GATGTTGTGTACACACACTGGTACAGGACA GATGTTGTGTACACACACTGGTACTGGTCA GATGTTGTGTACACATACAGGTACTGGTCA	6	0.9893842887473461	CTACAAGCTGGTAATGCAACAGAAGTGC CTTCAGGCTGGTAATGCAACTGAAGTGC CTTCAGGCTGGTAATGCGACAGAAGTGC TACAAAGATTACTTGGCAAGTGGTGGAC TACAAGGATTACTTAGCAAGTGGAGGAC TATAAGGATTACCTAGCAAGTGGAGGAC	{13224} {13224} {13224} {13309} {13309} {13309}
8.301943377117347	734	852	118	734	5	0.9936305732484076	CGGTGGCCATAGCTTTGGCATCGATCTAAA CGGTGGTCATAGCTATGGCATCGATCTAAA CGGTGGTCATAGTTTTGGCATCGATCTAAA TGGTGGCCATAGCTACGGCATCGATCTAAA TGGTGGCCATAGTTACGGCGCCGATCTAAA	822	5	0.9915074309978769	TGGAACACTAAACATAGCAGTGGTGTTACC TGGAACACTAAACATGGCAGTGGTGCCCTT TGGAACACTAAACATGGCAGTGGTGTAACT TGGAACACTAAGCATGGCAGTGGTGCACTC TGGAACACTAAGCATGGCAGTGGTGCTCTC	3	0.9893842887473461	GTCATTTGACTTAGGCGACGAGCTTGGC GTCTTATGACTTAGGTGACGAGCTTGGC TCTTATGACTTAGGTGACGAGCTTAACA	{764} {764} {765}
8.30957293134144	405	507	102	405	5	0.9936305732484076	CAGGTTAGAGACGTGCTAGTACGTGGCTTC CAGGTTAGAGACGTGCTAGTGCGTGGCTTC CAGGTTAGTGACGTGTTAGTGCGTGGTTTC CAGGTTCGCGACGTGCTCGTACGTGGCTTT CAGGTTGGCGACGTGCTAGTGCGTGGTTTC	477	5	0.9915074309978769	CTCAAAAATGGCACTTGTGGTCTAGTAGAG CTGAAAAGTGGCACTTGTGGCATAGTAGAG CTTAAAAATGGCACTTGTGGCTTAGTAGAG CTTAAAGATGGCACTTGTGGCTTAGTAGAA CTTCTTGACGGCACTTGTGGCATAATCGAT	4	0.9936305732484076	AGAGGCCCTATCGGAGGCACGTGAACAC GAAGAAGCCCTAGCGGAAGCACGTGAAC GAGGAGGCTCTATCAGAGGCACGTCAAC GAGGAGGTCTTATCAGAGGCACGTCAAC	{449} {447} {447} {447}
8.323322420167964	9557	9679	122	9557	5	0.9915074309978769	GCAACCTGTGGGTGCTTTAGATGTGTCTGC TCAACCTATTGGTGCTTTGGACATATCAGC TCAACCTGTAGGTGCTTTAGATGTATCTGC TCAACCTGTCGGTGCTCTAGATGTGTCTGC TCAACCTGTTGGTGCTTTAGATGTATCTGC	9649	5	0.9915074309978769	AATTCAGACGTGCGTTTGGTGAGTACAACC AATTCAGACGTGTTTTTGGTGAGTACAACC AATTCAGGCGTGCATTTGGTGAGTACAACC GGTTCAGGAGAGCTTTTGGCGAATACAGTC GGTTTAGAAGAGCTTTTGGTGAATACAGTC	3	0.9872611464968153	GCAGGTGGTATTATTGCCATACTGGTGA GTAGTAACATGCCTTGCCTACTATTTTA TGCAGGTGGTTTAGTTGCTATATTTGTA	{9597} {9618} {9596}
8.371812910986067	17392	17554	162	17392	5	0.9915074309978769	GCTGTAGATGCACTGTGTGAAAAAGCATTA GCTGTTGATGCACTATGCGAAAAGGCATTG GCTGTTGATGCACTATGTGAGAAGGCATTA GCTGTTGATGCCCTATGTGAAAAGGCATTA GCTGTTGATGCCCTGTGCGAAAAGGCATTA	17524	5	0.9936305732484076	TTCTGCACTGTAAATGCACTGCCTGAAACT TTCTGCACTGTAAATGCATTGCCAGAAACA TTCTGCACTGTTAATGCTCTGCCCGAAACT TTCTGTACAGTGAATGCACTACCAGAAACA TTTTGTACTGTAAATGCATTGCCTGAGACG	2	0.9957537154989384	AGTGAATTCAACACTAGAACAGTATGTT AGTTAATTCGACACTAGAGCAATATGTG	{17496} {17496}
8.387153964378335	12222	12389	167	12222	5	0.9936305732484076	TGCTATCCATGCAAGGTGCTGTAGACATAA TGCTATCCATGCAGGGTGCTGTAGACATTA TGCTATCTATGCAAGGTGCTGTAGACATCA TGCTATCTATGCAGGGTGCTGTAGACATTA TGCTTTCCATGCAGGGTGCTGTAGACATAA	12359	5	0.9936305732484076	CTATGAGCAGGCTGTAGCTAATGGTGATTC TTATGAGCAAGCGGTAGCTAACGGTGATTC TTATGAGCAAGCTGTAGCAAATGGTGATTC TTATGAGCAGGCGGTAGCAAATGGTGATTC TTATGAGCAGGCTGTTGCTAATGGTGATTC	2	0.9957537154989384	CTTCAGAATTTAGTTCTTTACCATCATA TTACAAGCTATAGCCTCAGAGTTTAGTT	{12304} {12291}
8.429209836406475	17457	17639	182	17457	5	0.9936305732484076	ACCAGCACGTGCTCGTGTTGAATGCTTTGA ACCCGCACGTGCCCGTGTGGAGTGTTTTGA ACCTGCACGTGCGCGTGTGGAGTGCTTTGA ACCTGCACGTGCTCGTGTAGAGTGTTTTGA ACCTGCGCGTGCGCGCGTAGAGTGTTTTGA	17609	5	0.9915074309978769	GCGTTGTCAATGCTAGACTACGTGCAAAGC GTGTCGTCAATGCTAGACTACGTGCAAAAC GTGTTGTCAATGCCAGATTACGTGCTAAGC GTGTTGTCAATGCTAGACTTCGTGCAAAAC GTGTTGTTAATGCTAGGTTAAGGGCAAAAC	2	0.9957537154989384	AGTGAATTCAACACTAGAACAGTATGTT AGTTAATTCGACACTAGAGCAATATGTG	{17496} {17496}
8.439551599001682	9557	9743	186	9557	5	0.9915074309978769	GCAACCTGTGGGTGCTTTAGATGTGTCTGC TCAACCTATTGGTGCTTTGGACATATCAGC TCAACCTGTAGGTGCTTTAGATGTATCTGC TCAACCTGTCGGTGCTCTAGATGTGTCTGC TCAACCTGTTGGTGCTTTAGATGTATCTGC	9713	5	0.9915074309978769	GTCATTCACTGTACTCTGTTTAACACCAGT GTCCTTTACTGTACTCTGTCTTACGCCTGT GTCTTTCACTATACTCTGTCTGGCACCAGC GTCTTTCACTATACTCTGTCTGGCACCTGC GTCTTTCACTATACTCTGTCTGGTACCAGC	2	0.9893842887473461	GCAGGTGGTATTATTGCCATACTGGTGA TACTATTTTATGAGGTTTAGAAGAGCTT	{9597} {9636}
8.439551599001682	16177	16363	186	16177	5	0.9915074309978769	GCAGGCTGTTTTGTCGACGACATTGTCAAA GCAGGCTGTTTTGTCGATGATATTGTCAAA GCAGGCTGTTTTGTTGATGACATCGTCAAA GCAGGTTGTTTTGTCGATGACATTGTCAAG GCCGGCTGTTTTGTAGATGATATCGTAAAA	16333	5	0.9915074309978769	CATGATGAACTCACAGGACACATGTTAGAC CATGATGAGCTTACCGGTCACATGTTAGAC CATGATGAGCTTACTGGCCACATGTTGGAC CATGATGAGCTTACTGGTCACATGCTAGAC CATGATGAGTTAACAGGACACATGTTAGAC	2	0.9957537154989384	AATCAAGAGTATGCTGATGTTTTCCATT CTGATGTCTTTCACTTGTATTTACAATA	{16279} {16292}
8.456883757168365	14668	14861	193	14668	5	0.9915074309978769	GTGTACCATTTGTTGTCTCAACAGGATACC GTGTACCTTTTGTTGTTTCAACAGGTTACC GTGTACCTTTTGTTGTTTCAACGGGTTACC GTGTTCCATTTGTAGTTTCAACTGGATACC GTGTTCCTTTTGTTGTTTCAACTGGATACC	14831	5	0.9915074309978769	ACGCACATCGTGCTTTTCAGTTGCAGCTTT ACGCACTACATGCTTCTCAGTGGCTGCACT ACGCACTACATGCTTTTCAGTAGCTGCACT ACGCACTACATGCTTTTCGGTAGCTGCACT ACGTACAACATGCTTTTCAGTAGCTGCACT	2	0.9978768577494692	ATCAAGATGTAAACATACATAGCTCGAG GGAGTCGTACATAATCAGGATGTAAACT	{14725} {14712}
8.475608310503013	10192	10393	201	10192	5	0.9957537154989384	AGATGTTCTCTACCAACCACCACAGACTTC TGACGTACTCTACCAGCCACCACAGACTTC TGATGTCCTCTACCAACCACCACAAACTTC TGATGTTCTCTACCAACCACCACAGACATC TGATGTTCTTTACCAACCACCACAAACCTC	10363	5	0.9915074309978769	ACATGTCATTTGCACAGCAGAAGACATGCT ACATGTCATTTGCACGGCGGAAGACATGCT ACATGTGATCTGCACAGCTGAAGATATGCT ACATGTGATCTGCACCTCTGAAGACATGCT ACATGTTATTTGCACGGCTGAAGACATGCT	2	0.9957537154989384	CAGAGTGGTTTTAGGAAAATGGCATTCC CGGCTGTCCTTCAAAGTGGATTTAGAAA	{10241} {10230}
8.501236002980722	487	655	168	487	5	0.9915074309978769	GCACTTGTGGCATAATCGATGTTGAAAAGG GCACTTGTGGCTTAGTAGAAGTTGAAAAAG GCACTTGTGGCTTAGTAGAGCTGGAAAAAG GCACTTGTGGTCTAGTAGAGCTGGAAAAAG GCACTTGTGGTTTAGTGGAGCTGGAAAAAG	625	5	0.9936305732484076	TTCAGTACGGTCGTAGCGGTATAACACTGG TTCAGTACGGTCGTAGCGGTATAACTCTGG TTCAGTACGGTCGTAGCGGTGAGACTCTTG TTCAGTACGGTCGTAGTGGTGAGACACTTG TTCAGTTCGGTCGTAGCGGTACAACACTGG	3	0.9915074309978769	CAGCTTGAAGAGCCCTATGTGTTCATTA CCCCAGCTTGAACAGCCCTATGTGTGCA CCCTATGTGTTCATCAAACGTTCGGATG	{528} {525} {540}
8.501791578646309	639	852	213	639	5	0.9957537154989384	AGCGGTACAACACTGGGAGTTCTCGTGCCA AGCGGTATAACACTGGGAGTACTCGTGCCA AGCGGTATAACTCTGGGAGTGCTCGTGCCA AGCGGTGAGACTCTTGGTGTTCTTGTACCA AGTGGTGAGACACTTGGTGTCCTTGTCCCT	822	5	0.9915074309978769	TGGAACACTAAACATAGCAGTGGTGTTACC TGGAACACTAAACATGGCAGTGGTGCCCTT TGGAACACTAAACATGGCAGTGGTGTAACT TGGAACACTAAGCATGGCAGTGGTGCACTC TGGAACACTAAGCATGGCAGTGGTGCTCTC	2	0.9978768577494692	CGCAATGTTCTTCTTCGTAAGAACGGTA CTGTTGCTTATCGCAAAATTCTTCTCCG	{696} {685}
