cost	target-start	target-end	target-length	left-primer-start	left-primer-num-primers	left-primer-frac-bound	left-primer-target-sequences	right-primer-start	right-primer-num-primers	right-primer-frac-bound	right-primer-target-sequences	num-guides	total-frac-bound-by-guides	guide-target-sequences	guide-target-sequence-positions
2.7043573353204815	26661	26757	96	26661	1	0.995575221238938	CGTTTCGGAAGAAACAGGTACGTTAATAGT	26727	1	0.995575221238938	CTTGCTAGTCACACTAGCCATCCTTACTGC	2	0.9911504424778761	CGTACTTCTTTTTCTTGCTTTCGTGGTA GTACTTCTTTTTGTTGCTTTCGTGGTAT	{26697} {26698}
2.8031885273623995	13554	13663	109	13554	1	0.9933628318584071	GTCTGCGGAATGTGGAAAGGTTATGGCTGT	13633	1	0.9977876106194691	ACGTTTTTAAACGGGTTTGCGGTGTAAGTG	2	0.995575221238938	AGTTGTGACCAACTCCGCGAACCCATGA AGTTGTGATCAACTCCGCGAACCCTTGA	{13584} {13584}
2.8986643733214486	26661	26787	126	26661	1	0.995575221238938	CGTTTCGGAAGAAACAGGTACGTTAATAGT	26757	1	0.9977876106194691	GCTTCGATTGTGTGCGTACTGCTGCAATAT	2	0.9911504424778761	CGTACTTCTTTTTCTTGCTTTCGTGGTA GTACTTCTTTTTGTTGCTTTCGTGGTAT	{26697} {26698}
3.071432422683972	26526	26746	220	26526	1	0.9977876106194691	GACTACTAGCGTGCCTTTGTAAGCACAAGA	26716	1	0.9933628318584071	TTCGTGGTATTCTTGCTAGTCACACTAGCC	1	0.9933628318584071	ACGTTAATAGTTAATAGCGTACTTCTTT	{26680}
3.1265219161711366	26526	26776	250	26526	1	0.9977876106194691	GACTACTAGCGTGCCTTTGTAAGCACAAGA	26746	1	0.9977876106194691	ATCCTTACTGCGCTTCGATTGTGTGCGTAC	1	0.9933628318584071	ACGTTAATAGTTAATAGCGTACTTCTTT	{26680}
3.1764647304037195	30742	30959	217	30742	1	0.9911504424778761	CACCAACAGAGCCTAAAAAGGACAAAAAGA	30929	1	0.995575221238938	GACCACACAAGGCAGATGGGCTATGTAAAC	2	0.9911504424778761	ATGGATGATTTCTCCAGACAACTTCAAC GCAGAGACAGAAGAAACAGCAAACTGTG	{30849} {30800}
3.646466666009797	13554	13699	145	13554	1	0.9933628318584071	GTCTGCGGAATGTGGAAAGGTTATGGCTGT	13669	2	0.9911504424778761	GTCTTACACCGTGCGGCACAGGCACAAGCA GTCTTACACCGTGCGGCACAGGCACTAGTA	2	0.995575221238938	AGTTGTGACCAACTCCGCGAACCCATGA AGTTGTGATCAACTCCGCGAACCCTTGA	{13584} {13584}
3.751623285568201	29806	29925	119	29806	2	0.9977876106194691	GGTTCACAGCTCTCACTCAGCATGGCAAGG GGTTCACCGCTCTCACTCAACATGGCAAGG	29895	1	0.9933628318584071	GACCAAATTGGCTACTACCGAAGAGCTACC	4	0.9977876106194691	AAGGACTCAAATTCCCTCAAGGCCAGGG CCTTAAATTCCCTCGAGGACAAGGCGTT CCTTAGATTCCCTCGAGGACAAGGTGTT CTTAGATTCCCTCGAGGCCAGGGCGTTC	{29836} {29840} {29840} {29841}
3.9684433771173464	27437	27526	89	27437	2	0.9977876106194691	CTGTGGCTACATCACGAACGCTTTCTTATT CTGTGGCTACATCCCGGATGCTTTCTTATT	27496	2	0.9933628318584071	ACTGATTCAGGTTTTGCTGCATACAACCGC GGTGACTCAGGTTTTGCTGCATACAGTCGC	2	0.995575221238938	ACAAATTGGGAGCTTCGCAGCGTGTAGC CAAATTAGGAGCTTCGCAGCGTGTAGGC	{27467} {27468}
4.123229642842771	29908	30015	107	29908	2	0.9933628318584071	ACTACCGAAGAGCTACCAGACGAATTCGTG ACTACCGAAGAGCTACCCGACGAGTTCGTG	29985	2	0.9911504424778761	TACCTAGGAACTGGCCCAGAAGCTTCACTT TACCTAGGAACTGGGCCAGAAGCTGGACTT	2	0.9977876106194691	GTGACGGCAAAATGAAAGAGCTCAGCCC GTGGTGACGGTAAAATGAAAGATCTCAG	{29941} {29938}
4.3279079683607335	29806	29955	149	29806	2	0.9977876106194691	GGTTCACAGCTCTCACTCAGCATGGCAAGG GGTTCACCGCTCTCACTCAACATGGCAAGG	29925	2	1.0	AGACGAATTCGTGGTGGTGACGGTAAAATG CGACGAGTTCGTGGTGGTGACGGCAAAATG	2	0.9977876106194691	AAGGACTCAAATTCCCTCAAGGCCAGGG CCAAATTGGCTACTACCGAAGAGCTACC	{29836} {29897}
4.352178667660241	27437	27593	156	27437	2	0.9977876106194691	CTGTGGCTACATCACGAACGCTTTCTTATT CTGTGGCTACATCCCGGATGCTTTCTTATT	27563	2	0.9977876106194691	CCAGTAGCAGTGACAATATTGCTTTGCTTG CCGGTAGCAACGACAATATTGCTTTGCTAG	2	0.995575221238938	ACAAATTGGGAGCTTCGCAGCGTGTAGC CAAATTAGGAGCTTCGCAGCGTGTAGGC	{27467} {27468}
4.379840537842753	30637	30771	134	30637	3	0.9911504424778761	CATGGCTGACTTACACAGGTGCCATCAAGC CATGGCTGACTTATCATGGAGCCATTAAAT CGTGGTTGACCTACACAGGTGCCATCAAAT	30741	1	0.9911504424778761	CCACCAACAGAGCCTAAAAAGGACAAAAAG	3	0.995575221238938	AAGCTTCAAAGACAACGTCATACTGCTG TCAAATTTCAAAGATCAAGTCATTTTGC TGGATGACAAAGATCCACAATTCAAAGA	{30683} {30681} {30667}
4.395818128345179	29895	30065	170	29895	1	0.9933628318584071	GACCAAATTGGCTACTACCGAAGAGCTACC	30035	3	0.9911504424778761	AGGCATCGTATGGGTCGCAACTGAGGGAGC AGGCATCGTATGGGTTGCAACTGAGGGAGC CGGCATCATATGGGTTGCAACTGAGGGAGC	2	0.9977876106194691	GTGACGGCAAAATGAAAGAGCTCAGCCC GTGGTGACGGTAAAATGAAAGATCTCAG	{29941} {29938}
4.412843377117347	30839	31015	176	30839	2	0.9933628318584071	TGCGGCTGACATGGATGATTTCTCCAGACA TGCTGCAGATTTGGATGATTTCTCCAAACA	30985	2	0.9911504424778761	TAGTCTACTCTTGCGTAGAATGAGTTCTCG TAGTCTACTCTTGTGCAGAATGAATTCTCG	2	0.9911504424778761	CTATGTAAACGTTTTCGCAATTCCGTTT TAAACGTTTTCGCTTTTCCGTTTACGAT	{30949} {30954}
4.4298743921808805	13430	13663	233	13430	3	0.9911504424778761	CCGTTGCCACATAGATCATCCAAATCCTAA TAGATGCCACATAGATCATCCTAACCCTAA TAGATGCCACATTGACCATCCAAATCCTAA	13633	1	0.9977876106194691	ACGTTTTTAAACGGGTTTGCGGTGTAAGTG	1	0.9977876106194691	GGAAAGGTTATGGCTGTAGTTGTGACCA	{13567}
4.431626723086379	30776	30959	183	30776	3	0.9911504424778761	GACTGACGAAAGCCAGCCTTTACCGCAGAG GACTGATGAAGCTCAGCCTTTGCCGCAGAG GGCTGATGAAACTCAAGCCTTACCGCAGAG	30929	1	0.995575221238938	GACCACACAAGGCAGATGGGCTATGTAAAC	2	0.9867256637168141	ATGGATGATTTCTCCAGACAACTTCAAC CAGAAGAAACAACAAACTGTGACTCGTC	{30849} {30807}
4.435385705661208	30742	30890	148	30742	1	0.9911504424778761	CACCAACAGAGCCTAAAAAGGACAAAAAGA	30860	3	0.9933628318584071	CTCCAAACAATTGCAACAATCCATGAGCAG CTCCAGACAACTTCAAAATTCCATGAGTGG CTCTAGACAACTTCAAAAATCCATGAGTGG	3	0.9933628318584071	CCACTGTGACTCTTCTGCCTGCGGCTGA CCGCAGAGACAAAAGAAGCAGCCCACTG GCAGAGACAGAAGAAACAGCAAACTGTG	{30820} {30798} {30800}
4.449370128054922	30379	30569	190	30379	2	0.9933628318584071	GCCAAACTGTCACTAAGAAATCTGCTGCTG GCCAAACTGTCACTAAGAAATCTGCTTCAG	30539	2	0.995575221238938	TGATTACAAACATTGGCCGCAAATTGCACA TGATTATAAACACTGGCCGCAAATAGCACA	2	0.9911504424778761	AGGCATCTAAAAAGCCTCGACAAAAACG GTGGTCCAGAACAAACCCAAGGAAATTT	{30409} {30481}
4.459085018119717	30143	30270	127	30143	2	0.9977876106194691	AACAACATTGCCAAAAGGCTTCTACGCAGA AACAGCTTTGCCTAAAGGTTTCTACGCAGA	30240	2	0.9911504424778761	TCAACTCCAGGCAGCAGTAGGGGAACTTCT TCAACTCCTGGCAGCAGTAGGGGAAATTCT	4	0.9889380530973452	AGAGGCGGCAGTCAAGCCTCTTCTCGCT AGAGGTGGCAGTCAATCTTCATCTCGCT CAGAGGTGGCAGTCAAGCTTCTTCTCGC GGCAGTCAAGCTTCTTCACGCTCTTCAT	{30180} {30180} {30179} {30186}
4.523848055426138	30776	31000	224	30776	3	0.9911504424778761	GACTGACGAAAGCCAGCCTTTACCGCAGAG GACTGATGAAGCTCAGCCTTTGCCGCAGAG GGCTGATGAAACTCAAGCCTTACCGCAGAG	30970	1	0.9933628318584071	TCCGTTTACGATACATAGTCTACTCTTGTG	2	0.9867256637168141	ATGGATGATTTCTCCAGACAACTTCAAC CAGAAGAAACAACAAACTGTGACTCGTC	{30849} {30807}
4.533475410741901	27437	27666	229	27437	2	0.9977876106194691	CTGTGGCTACATCACGAACGCTTTCTTATT CTGTGGCTACATCCCGGATGCTTTCTTATT	27636	2	0.9977876106194691	GATGTTTCATCTCGTTGACTTTCAGGTTAC GATGTTTCATCTTGTTGACTTCCAGGTTAC	2	0.995575221238938	ACAAATTGGGAGCTTCGCAGCGTGTAGC CAAATTAGGAGCTTCGCAGCGTGTAGGC	{27467} {27468}
4.537246828807646	26448	26679	231	26448	3	0.9933628318584071	TGTCCAAATTCACACAATCGACGGTTCATC TGTGCAAATACACACAATCGACGGCTCTTC TGTTCAAATTCACACAATCGACGGCTCATC	26649	1	1.0	TATGTACTCATTCGTTTCGGAAGAAACAGG	2	0.9977876106194691	GGAGTTGCTAATCCAGCAATGGATCCAA GGAGTTGTAAATCCAGCAATGGATCCAA	{26479} {26479}
4.552985737400776	343	530	187	343	1	0.995575221238938	GAAAACACACGTCCAACTCAGTTTGCCTGT	500	3	0.9911504424778761	CAACTCGAACAGCCCTATGTGTTTGTCAAA CAACTTGAACAGCCCTATGTGTTCATCAAA CAGCTTGAACAGCCCTATGTGTTCATTAAA	3	0.995575221238938	CGACGTGCTCGTACGTGGCTTTGGAGAC TCAGGTTAGAGACGTGCTAGTGCGTGGC TCCAGGTTAGAGACGTGCTAGTACGTGG	{385} {376} {375}
4.55723196905215	26764	27006	242	26764	1	0.9977876106194691	TTGTGTGCGTACTGCTGCAATATTGTTAAC	26976	3	0.9911504424778761	ACTCCTGGAACAATGGAACCTAGTAATAGG GCTCCTTGAACAATGGAACCTAGTAATAGG GCTCTTAGAACAATGGAACCTAGTAATAGG	2	0.9867256637168141	GTGAGTTTAGTAAAACCAACGGTTTACG TTTGGAACTTTAATTTTAGCCATGGCAG	{26794} {26911}
4.560735466635868	30140	30384	244	30140	2	0.9977876106194691	AGGAACAACATTGCCAAAAGGCTTCTACGC AGGAACAGCTTTGCCTAAAGGTTTCTACGC	30354	2	0.9911504424778761	TCTGGTAAAGGCCAACAACAACAAGGCCAA TCTGGTAAAGGCTCACAACAACAGAGCCAA	2	0.995575221238938	AGAGGGAAGCAGAGGCGGCAGTCAAGCC CTGGCAGCAGTAGGGGAAGTTCTCCTGC	{30170} {30247}
4.565364373321448	14674	14866	192	14674	2	0.9911504424778761	GAGCTAGGTGTTGTACATAATCAGGATGTA GAGTTAGGAGTCGTACATAATCAGGATGTA	14836	2	0.9911504424778761	AATGTCTCTTTTCAAACTGTCAAACCCGGT AATGTTGCTTTTCAAACTGTCAAACCCGGT	3	0.995575221238938	ATACATAGCTCGAGACTTAGTTTTAAGG TAGACTTAGTTTTAAGGAATTACTTGTG TCAGTTTCAAGGAACTTTTAGTGTATGC	{14707} {14718} {14723}
4.626643765448654	29993	30166	173	29993	2	0.995575221238938	AACTGGCCCAGAAGCTTCACTTCCCTACGG AACTGGGCCAGAAGCTGGACTTCCCTATGG	30136	2	0.9977876106194691	CTCAAGGAACAACATTGCCAAAAGGCTTCT CTCAAGGAACAGCTTTGCCTAAAGGTTTCT	4	0.9977876106194691	AGGGAGCCTTGAATACACCAAAAGATCA GTATGGGTCGCAACTGAGGGAGCCTTAA GTATGGGTTGCAACTGAGGGAGCCTTGA TATGGGTTGCAACTGAGGGAGCCTTAAA	{30058} {30042} {30042} {30043}
4.646466666009798	300	530	230	300	1	0.9911504424778761	GACCGAAAGGTAAGATGGAGAGCCTTGTTC	500	3	0.9911504424778761	CAACTCGAACAGCCCTATGTGTTTGTCAAA CAACTTGAACAGCCCTATGTGTTCATCAAA CAGCTTGAACAGCCCTATGTGTTCATTAAA	3	0.9889380530973452	CGACGTGCTCGTACGTGGCTTTGGAGAC CTGTTTTACAGGTTCGCGACGTGCTCGT GGAATCAACGAGAAAACACACGTCCAAC	{385} {369} {332}
4.656522420167963	26449	26540	91	26449	4	0.9933628318584071	GTCCAAATTCACACAATCGACGGTACATCT GTCCAAATTCACACAATCGACGGTTCATCC GTGCAAATACACACAATCGACGGCTCTTCA GTTCAAATTCACACAATCGACGGCTCATCA	26510	1	0.9977876106194691	ATGATGAGCCGACGACGACTACTAGCGTGC	2	0.9977876106194691	GGAGTTGCTAATCCAGCAATGGATCCAA GGAGTTGTAAATCCAGCAATGGATCCAA	{26479} {26479}
4.685578667660241	30548	30656	108	30548	2	0.995575221238938	ACACTGGCCGCAAATAGCACAGTTTGCTCC ACATTGGCCGCAAATTGCACAATTTGCTCC	30626	3	0.995575221238938	ACCTTCGGGAACATGGCTGACTTACACAGG ACCTTCGGGAACATGGCTGACTTATCATGG ACCTTCGGGAACGTGGTTGACCTACACAGG	1	0.9911504424778761	TTGGAATGTCACGCATTGGCATGGAAGT	{30595}
4.849332422683973	30477	30577	100	30477	3	0.9911504424778761	AGACGTGGTCCAGAACAAACCCAAGGAAAC AGACGTGGTCCAGAACAAACCCAAGGAAAT CGACGTGGTCCAGATCAAACTCAAGGAAAC	30547	2	0.995575221238938	AACACTGGCCGCAAATAGCACAGTTTGCTC AACATTGGCCGCAAATTGCACAATTTGCTC	3	0.9933628318584071	GACCTAATCAGACAAGGAACTGATTACA GACCTAATCAGACAAGGAATTGATTACA TTGGGGACCAACAACTAATCAGACAAGG	{30519} {30519} {30508}
4.862823285568202	29946	30065	119	29946	2	0.9977876106194691	GGCAAAATGAAAGAGCTCAGCCCCAGATGG GGTAAAATGAAAGATCTCAGTCCAAGATGG	30035	3	0.9911504424778761	AGGCATCGTATGGGTCGCAACTGAGGGAGC AGGCATCGTATGGGTTGCAACTGAGGGAGC CGGCATCATATGGGTTGCAACTGAGGGAGC	2	0.995575221238938	ACCTAGGAACTGGCCCAGAAGCTTCACT TACCTAGGAACTGGGCCAGAAGCTGGAC	{29986} {29985}
4.990985705661207	30356	30504	148	30356	2	0.9911504424778761	TGGTAAAGGCCAACAACAACAAGGCCAAAC TGGTAAAGGCTCACAACAACAGAGCCAAAC	30474	3	0.9911504424778761	GGCAGACGTGGTCCTGAACAAACCCAAGGA GGGAGACGTGGTCCAGAACAAACCCAAGGA GGGCGACGTGGTCCAGATCAAACTCAAGGA	2	0.9889380530973452	GTCACTAAGAAATCTGCTGCTGAGGCAT GTCACTAAGAAATCTGCTTCAGAGGCAT	{30387} {30387}
5.0	27405	27593	188	27405	3	0.9911504424778761	CTGTGACATCAAGGACCTGCCTAAAGAAAT CTGTGACATTAAGGACCTGCCAAAAGAGAT CTGTGATATTAAGGACCTGCCAAAGGAGAT	27563	2	0.9977876106194691	CCAGTAGCAGTGACAATATTGCTTTGCTTG CCGGTAGCAACGACAATATTGCTTTGCTAG	1	0.9977876106194691	ACTGTGGCTACATCACGAACGCTTTCTT	{27436}
5.02220063353398	13435	13592	157	13435	4	0.9977876106194691	GCCACATAGATCATCCAAATCCTAAAGGAT GCCACATAGATCATCCTAACCCTAAAGGTT GCCACATTGACCATCCAAATCCTAAAGGAT GCCACATTGATCATCCAAATCCTAAGGGAT	13562	1	0.995575221238938	AATGTGGAAAGGTTATGGCTGTAGTTGTGA	2	0.995575221238938	CCTGTGCTAATGACCCAGTGGGTTTCAC CTTGTGCTAATGACCCAGTGGGTTTTAC	{13504} {13504}
5.025488527362399	15486	15644	158	15486	3	0.9933628318584071	AAAATGTGACAGAGCCATGCCTAACATGCT AAAGTGTGACAGAGCCATGCCTAATATGCT TAAATGTGATAGAGCCATGCCTAACATGCT	15614	2	0.9911504424778761	TAAGTGAGATGGTCATGTGTGGCGGCTCAC TGAGTGAAATGGTCATGTGTGGCGGTTCAC	2	0.9889380530973452	GTTGTAGCTTGTCACACCGTTTCTATAG TAGGATAATGGCCTCTCTTGTTCTTGCT	{15560} {15516}
5.0566360029807225	27112	27226	114	27112	3	0.9933628318584071	ACACTTGCTTGCTTTGTGCTTGCTGCTGTT ACACTTGCTTGTTTTGTGCTTGCTGCTGTC ACTTTAGCTTGTTTTGTGCTTGCTGCTGTT	27196	2	0.9933628318584071	GGCTTGATGTGGCTCAGCTACTTCATTGCT GGCTTGATGTGGCTTAGCTACTTCGTTGCT	4	0.9823008849557522	AGAATAAATTGGATCACCGGTGGAATTG CGGTGGAATTGCGATTGCAATGGCTTGT TACAGAATTAATTGGGTGACTGGCGGGA TGGTGGAATTGCCATTGCAATGGCTTGT	{27145} {27162} {27142} {27162}
5.07676788931984	29939	30114	175	29939	2	0.995575221238938	TGGTGACGGCAAAATGAAAGAGCTCAGCCC TGGTGACGGTAAAATGAAAGATCTCAGTCC	30084	3	0.995575221238938	CACATTGGCACCCGCAATCCAAACAACAAT CACATTGGCACCCGCAATCCTAATAACAAT CACATTGGCACCCGCAATCCTGCTAACAAT	2	0.9867256637168141	ACCTAGGAACTGGCCCAGAAGCTTCACT GTATGGGTTGCAACTGAGGGAGCCTTGA	{29986} {30042}
5.087728507007025	12447	12626	179	12447	2	0.9933628318584071	GATGGCAGATCAGGCTATGACCCAAATGTA GATGGCTGATCAAGCTATGACCCAAATGTA	12596	3	0.995575221238938	GAGACGGTTGTGTTCCACTGAACATAATCC GAGATGGTTGTGTTCCCTTGAACATAATAC GTGATGGTTGTGTTCCACTCAACATCATAC	2	1.0	AACGATGCTTTTCACTATGCTTAGAAAA ATCTGAGGACAAGAGGGCAAAAGTAACT	{12528} {12489}
5.106051599001681	29993	30116	123	29993	2	0.995575221238938	AACTGGCCCAGAAGCTTCACTTCCCTACGG AACTGGGCCAGAAGCTGGACTTCCCTATGG	30086	3	0.995575221238938	CATTGGCACCCGCAATCCAAACAACAATGC CATTGGCACCCGCAATCCTAATAACAATGC CATTGGCACCCGCAATCCTGCTAACAATGC	4	0.9977876106194691	AGGGAGCCTTGAATACACCAAAAGATCA GTATGGGTCGCAACTGAGGGAGCCTTAA GTATGGGTTGCAACTGAGGGAGCCTTGA TATGGGTTGCAACTGAGGGAGCCTTAAA	{30058} {30042} {30042} {30043}
5.121519948987033	27346	27593	247	27346	3	0.9933628318584071	GTAATCGGAGCTGTGATCCTTCGTGGACAT GTCATCGGTGCTGTGATCCTCAGAGGACAC GTCATTGGTGCTGTGATCATTCGTGGTCAC	27563	2	0.9977876106194691	CCAGTAGCAGTGACAATATTGCTTTGCTTG CCGGTAGCAACGACAATATTGCTTTGCTAG	1	0.9977876106194691	ACTGTGGCTACATCACGAACGCTTTCTT	{27436}
5.161743925003943	27198	27364	166	27198	2	0.9933628318584071	CTTGATGTGGCTCAGCTACTTCATTGCTTC CTTGATGTGGCTTAGCTACTTCGTTGCTTC	27334	3	0.9911504424778761	GAAAGTGAACTCGTAATCGGAGCTGTGATC GAAAGTGAACTTGTCATTGGTGCTGTGATC GAGAGTGAACTCGTAATTGGAGCTGTGATC	3	0.9889380530973452	CTGTTTGCGCGCACCCGCTCAATGTGGT CTGTTTGCGCGTACGCGTTCCATGTGGT CTGTTTGCTCGTACCCGCTCAATGTGGT	{27235} {27235} {27235}
5.164753964378336	12922	13089	167	12922	4	0.9933628318584071	GCTTGCACTGATGACAATGCGTTAGCTTAC GCTTGTAATGAGGATAATGCATTAGCCTAC GCTTGTACTGATGACAATGCACTCGCCTAT GCTTGTACTGATGACAATGCACTTGCCTAC	13059	1	0.995575221238938	AGAACTGGAACCACCTTGTAGGTTTGTTAC	3	0.9911504424778761	ACAACACAACAAAGGGAGGTAGGTTTGT CAACAACGCAAAGGGAGGTAGGTTTGTG GCTGGCATTACTATCAGACCACCAAGAT	{12953} {12954} {12981}
5.204171411322416	30143	30324	181	30143	2	0.9977876106194691	AACAACATTGCCAAAAGGCTTCTACGCAGA AACAGCTTTGCCTAAAGGTTTCTACGCAGA	30294	3	0.9933628318584071	GGTGAAACTGCCCTCGCGCTATTGCTGCTA GGTGATGCTGCCCTTGCTTTGCTACTGCTT GGTGATGCTGCTCTTGCTTTGCTGCTGCTT	3	0.9977876106194691	AGAGGCGGCAGTCAAGCCTCTTCTCGCT CTGGCAGCAGTAGGGGAAGTTCTCCTGC GGCAGTCAAGCTTCTTCACGCTCTTCAT	{30180} {30247} {30186}
5.20767439218088	30037	30270	233	30037	3	0.9933628318584071	GCATCATATGGGTTGCAACTGAGGGAGCCT GCATCGTATGGGTCGCAACTGAGGGAGCCT GCATCGTATGGGTTGCAACTGAGGGAGCCT	30240	2	0.9911504424778761	TCAACTCCAGGCAGCAGTAGGGGAACTTCT TCAACTCCTGGCAGCAGTAGGGGAAATTCT	2	0.9933628318584071	CTCAAGGAACAGCTTTGCCTAAAGGTTT TCAAGGCACAACATTGCCAAAAGGCTTC	{30136} {30137}
5.229172960526724	13068	13313	245	13068	1	0.9933628318584071	ACCACCTTGTAGGTTTGTTACAGACACACC	13283	4	0.995575221238938	GACTACCTAGCAAGTGGAGGACAACCAATA GATTACCTAGCAAGTGGAGGACAACCAATC GATTACTTAGCAAGTGGTGGACAACCAATC GATTATCTAGCTAGTGGGGGACAACCAATC	2	0.9977876106194691	CTACAAGCTGGTAATGCAACAGAAGTGC CTGGGCAGTTTAGCTGCTACAGTACGTC	{13192} {13165}
5.234329642842771	12393	12547	154	12393	2	1.0	TGTGGCAAAGTCTGAATTTGACCGTGATGC TGTGGCTAAATCTGAGTTTGACCGTGATGC	12517	3	1.0	AGTGCAATGCAAACGATGCTTTTCACTATG AGTGCTATGCAAACAATGCTCTTCACTATG AGTGCTATGCAGACAATGCTTTTCACTATG	4	1.0	AAAGATGGCAGATCAGGCTATGACCCAA ATCTGAGGACAAGAGGGCAAAAGTAACT CAAATGTACAAGCAGGCAAGATCTGAAG GTCTGAAGACAAGAGGGCAAAAGTCACT	{12444} {12489} {12469} {12489}
5.279391578646307	30654	30867	213	30654	3	0.9911504424778761	GGAGCCATTAAATTGGATGACAAAGATCCA GGTGCCATCAAATTGGATGACAAAGATCCA GGTGCCATCAAGCTTGATGACAAAGATCCA	30837	2	0.9933628318584071	CCTGCGGCTGACATGGATGATTTCTCCAGA CCTGCTGCAGATTTGGATGATTTCTCCAAA	3	0.995575221238938	AAAAAGACTGATGAAGCTCAGCCTTTGC AGCTTCAAAGACAACGTCATACTGCTGA CTGAATAAGCATATTGACGCATACAAAA	{30771} {30684} {30708}
5.342001087828205	505	751	246	505	3	0.995575221238938	CGAACAGCCCTATGTGTTTGTCAAACGTTC TGAACAGCCCTATGTGTTCATTAAACGTTC TGAAGAGCCCTATGTGTTCATTAAACGATC	721	2	0.9911504424778761	CGGCGCCGATCTAAAGTCATTTGACTTAGG TGGCATCGATCTAAAGTCTTATGACTTAGG	3	0.995575221238938	CGCAATGTTCTTCTTCGTAAGAACGGTA CGGTCGTAGCGGTACAACACTGGGAGTT TTGAATTGGTGGCAGAACTCGATGGTGT	{668} {604} {570}
5.348821916171137	26976	27226	250	26976	3	0.9911504424778761	ACTCCTGGAACAATGGAACCTAGTAATAGG GCTCCTTGAACAATGGAACCTAGTAATAGG GCTCTTAGAACAATGGAACCTAGTAATAGG	27196	2	0.9933628318584071	GGCTTGATGTGGCTCAGCTACTTCATTGCT GGCTTGATGTGGCTTAGCTACTTCGTTGCT	3	0.9933628318584071	CCTGGATTATGTTACTACAATTTGCCTA CTTGTTTTGTGCTTGCTGCTGTCTACAG TTTCCTATTTCTAACATGGATTTGTCTT	{27020} {27119} {27006}
5.359728706359164	505	704	199	505	3	0.995575221238938	CGAACAGCCCTATGTGTTTGTCAAACGTTC TGAACAGCCCTATGTGTTCATTAAACGTTC TGAAGAGCCCTATGTGTTCATTAAACGATC	674	2	0.995575221238938	GTTCTTCTCCGTAAGAATGGTAATAAGGGA GTTCTTCTTCGTAAGAACGGTAATAAGGGA	4	0.9977876106194691	CACATGTGGGCGAAACCCCAATTGCATA TACGGTCGTAGTGGTGAGACACTTGGTG TAGCGGTATAACACTGGGAGTCCTCGTG TTGAATTGGTGGCAGAACTCGATGGTGT	{639} {602} {610} {570}
5.388489493487164	30585	30683	98	30585	3	0.9911504424778761	TCAGCGTTCTTCGGAATGTCGCGCATTGGC TCTGCATTCTTCGGAATGTCGCGCATTGGC TCTGCATTCTTTGGAATGTCACGCATTGGC	30653	3	0.995575221238938	AGGTGCCATCAAATTGGATGACAAAGATCC AGGTGCCATCAAGCTTGATGACAAAGATCC TGGAGCCATTAAATTGGATGACAAAGATCC	2	0.995575221238938	ATGGAAGTCACACCTTCGGGAACATGGC GAAGTCACACCTTCGGGAACTTGGCTGA	{30615} {30618}
5.428116028494806	29859	29962	103	29859	4	0.9911504424778761	CAAGGCGTTCCAATTAACACCAATAGCAGT CAAGGTGTTCCGATTAACACCAATAGTACC CAGGGAGTTCCTATCAACACCAATAGTGGC CAGGGCGTTCCAATCAACACCAATAGTGGT	29932	2	0.995575221238938	TTCGTGGTGGTGACGGCAAAATGAAAGAGC TTCGTGGTGGTGACGGTAAAATGAAAGATC	2	1.0	CCAAATTGGCTACTACCGAAGAGCTACC GGCTACTACAGAAGAGCTACCCGACGAG	{29897} {29904}
5.43162672308638	16869	17052	183	16869	3	0.9911504424778761	ATGGTATTGCCACTGTACGCGAAGTACTCT ATGGTATTGCCACTGTTCGTGAAGTACTGT ATGGTATTGCTACTGTACGTGAAGTGCTGT	17022	2	0.9977876106194691	TTGAAAAAGGTGACTATGGTGATGCTGTTG TTGAAAAGGGTGACTACGGTGACGCTGTTG	5	0.9933628318584071	ACAGAGAATTACATCTTTCATGGGAAGT GAACTTTACCTTTCGTGGGAGGTAGGAA GATAGAGAATTATATCTTTCTTGGGAAG GGAGGTTGGAAAACCTAGACCACCATTG TGGGAGGTGGGAAAACCAAGACCACCAT	{16902} {16907} {16901} {16924} {16922}
5.469988527362399	30302	30411	109	30302	4	0.9933628318584071	TGCCCTCGCGCTATTGCTGCTAGACAGACT TGCCCTCGCGCTATTGCTGCTAGACAGATT TGCCCTTGCTTTGCTACTGCTTGATCGGTT TGCTCTTGCTTTGCTGCTGCTTGACAGATT	30381	2	0.9933628318584071	CAAACTGTCACTAAGAAATCTGCTGCTGAG CAAACTGTCACTAAGAAATCTGCTTCAGAG	2	0.9933628318584071	TGAGAGCAAAATGTCTGGTAAAGGCCAA TGAGAGCAAAGTTTCTGGTAAAGGCCAA	{30341} {30341}
5.520014670640964	27357	27498	141	27357	4	0.9933628318584071	TGTGATCATTCGTGGTCACTTGCGAATGGC TGTGATCATTCGTGGTCATTTGCGGATGGC TGTGATCCTCAGAGGACACCTTCGCATTGC TGTGATCCTTCGTGGACATCTTCGTATTGC	27468	2	0.9911504424778761	CAAATTAGGAGCGTCGCAGCGTGTAGGCAC CAAATTGGGAGCTTCGCAGCGTGTAGCAGG	1	0.9977876106194691	ACTGTGGCTACATCACGAACGCTTTCTT	{27436}
5.593357335320481	26976	27108	132	26976	3	0.9911504424778761	ACTCCTGGAACAATGGAACCTAGTAATAGG GCTCCTTGAACAATGGAACCTAGTAATAGG GCTCTTAGAACAATGGAACCTAGTAATAGG	27078	3	0.9911504424778761	AAAGCTTGTTTTCCTCTGGCTCTTGTGGCC TAAGTTAATTTTCCTCTGGCTACTTTGGCC TAAGTTAATTTTCCTCTGGCTGTTATGGCC	2	0.995575221238938	CCTGGATTATGTTACTACAATTTGCCTA TTCCTATTCCTTACATGGATTTGTCTTC	{27020} {27007}
5.612236002980723	30776	30890	114	30776	3	0.9911504424778761	GACTGACGAAAGCCAGCCTTTACCGCAGAG GACTGATGAAGCTCAGCCTTTGCCGCAGAG GGCTGATGAAACTCAAGCCTTACCGCAGAG	30860	3	0.9933628318584071	CTCCAAACAATTGCAACAATCCATGAGCAG CTCCAGACAACTTCAAAATTCCATGAGTGG CTCTAGACAACTTCAAAAATCCATGAGTGG	3	0.9889380530973452	CAGAAGAAACAACAAACTGTGACTCGTC CCACTGTGACTCTTCTGCCTGCGGCTGA GTGACTCTTCTTCCTGCGGCTGACATGG	{30807} {30820} {30825}
5.621019205502994	27357	27528	171	27357	4	0.9933628318584071	TGTGATCATTCGTGGTCACTTGCGAATGGC TGTGATCATTCGTGGTCATTTGCGGATGGC TGTGATCCTCAGAGGACACCTTCGCATTGC TGTGATCCTTCGTGGACATCTTCGTATTGC	27498	2	0.9977876106194691	TGACTCAGGTTTTGCTGCATACAGTCGCTA TGATTCAGGTTTTGCTGCATACAACCGCTA	1	0.9977876106194691	ACTGTGGCTACATCACGAACGCTTTCTT	{27436}
5.638933761645286	300	443	143	300	1	0.9911504424778761	GACCGAAAGGTAAGATGGAGAGCCTTGTTC	413	5	0.9911504424778761	ACTGTGGAAGAAGCCCTAGCGGAAGCACGT TCCGTAGAGGAAGCTTTATCAGAGGCACGT TCCGTGGAGGAGGCTCTATCAGAGGCACGT TCCGTGGAGGAGGTCTTATCAGAGGCACGT TCTGTGGAAGAGGCCCTATCGGAGGCACGT	2	0.9867256637168141	CGACGTGCTCGTACGTGGCTTTGGAGAC GGAATCAACGAGAAAACACACGTCCAAC	{385} {332}
5.638933761645286	343	486	143	343	1	0.995575221238938	GAAAACACACGTCCAACTCAGTTTGCCTGT	456	5	0.9911504424778761	ACGGCACTTGTGGCATAATCGATGTTGAAA ATGGCACTTGTGGCTTAGTAGAAGTTGAAA ATGGCACTTGTGGTCTAGTAGAGCTGGAAA ATGGCACTTGTGGTTTAGTAGAGCTGGAAA GTGGCACTTGTGGCATAGTAGAGCTGGAAA	2	0.9867256637168141	CGACGTGCTCGTACGTGGCTTTGGAGAC TCAGGTTAGAGACGTGCTAGTGCGTGGC	{385} {376}
5.654022044777586	30484	30631	147	30484	5	0.9933628318584071	GTCCAGAACAAACCCAAGGAAACTTCGGGG GTCCAGAACAAACCCAAGGAAACTTTGGGG GTCCAGAACAAACCCAAGGAAATTTCGGGG GTCCAGATCAAACTCAAGGAAACTTTGGAG GTCCTGAACAAACCCAAGGAAATTTTGGGG	30601	1	0.995575221238938	TGTCACGCATTGGCATGGAAGTCACACCTT	2	0.9845132743362832	GACCTAATCAGACAAGGAACTGATTACA TTGGCCGCAAATTGCACAATTTGCTCCA	{30519} {30551}
5.661651599001681	12920	13043	123	12920	3	0.9933628318584071	CAGCTTGTAATGAGGATAATGCATTAGCCT CAGCTTGTACTGATGACAATGCACTTGCCT CTGCTTGCACTGATGACAATGCGTTAGCTT	13013	3	0.9933628318584071	AATGGGCTAGATTCCCTAAGAGTGATGGTA AGTGGGCCAGATTTCCTAAATCTGATGGTA AGTGGGCTAGATTCCCTAAGAGTGACGGAA	3	0.9911504424778761	ACAACACAACAAAGGGAGGTAGGTTTGT CAACAACGCAAAGGGAGGTAGGTTTGTG GCTGGCATTACTATCAGACCACCAAGAT	{12953} {12954} {12981}
5.705012910986066	26976	27138	162	26976	3	0.9911504424778761	ACTCCTGGAACAATGGAACCTAGTAATAGG GCTCCTTGAACAATGGAACCTAGTAATAGG GCTCTTAGAACAATGGAACCTAGTAATAGG	27108	3	0.9911504424778761	AGTAACACTCGCTTGCTTTGTGCTTGCTGC AGTAACACTTGCTTGTTTTGTGCTTGCTGC AGTAACTTTAGCTTGTTTTGTGCTTGCTGC	2	0.995575221238938	CCTGGATTATGTTACTACAATTTGCCTA TTCCTATTCCTTACATGGATTTGTCTTC	{27020} {27007}
5.772751599001681	300	486	186	300	1	0.9911504424778761	GACCGAAAGGTAAGATGGAGAGCCTTGTTC	456	5	0.9911504424778761	ACGGCACTTGTGGCATAATCGATGTTGAAA ATGGCACTTGTGGCTTAGTAGAAGTTGAAA ATGGCACTTGTGGTCTAGTAGAGCTGGAAA ATGGCACTTGTGGTTTAGTAGAGCTGGAAA GTGGCACTTGTGGCATAGTAGAGCTGGAAA	2	0.9867256637168141	CGACGTGCTCGTACGTGGCTTTGGAGAC TCAGGTTAGAGACGTGCTAGTGCGTGGC	{385} {376}
5.781288504066715	27251	27494	243	27251	4	0.9933628318584071	GCTCAATGTGGTCATTCAACCCAGAAACAA GTTCCATGTGGTCATTCAATCCAGAAACTA GTTCCATGTGGTCATTTAACCCAGAAACTA GTTCCATGTGGTCCTTCAATCCAGAAACAA	27464	2	0.9977876106194691	ATTACAAATTAGGAGCGTCGCAGCGTGTAG ATTACAAATTGGGAGCTTCGCAGCGTGTAG	1	0.9977876106194691	ACTGTGGCTACATCACGAACGCTTTCTT	{27436}
5.7830354666358685	27127	27279	152	27127	3	0.9911504424778761	GTGCTTGCTGCTGTCTACAGAATTAATTGG GTGCTTGCTGCTGTTTACAGAATAAATTGG GTGCTTGCTGCTGTTTACAGAATTAACTGG	27249	3	0.9911504424778761	CCGCTCAATGTGGTCATTCAACCCAGAAAC GCGTTCCATGTGGTCATTCAACCCAGAAAC GCGTTCCATGTGGTCATTCAATCCAGAAAC	3	0.9933628318584071	GCTTGATGTGGCTCAGCTACTTCATTGC GGCGGGATTGCGATTGCAATGGCTTGTA TTGTAGGCTTGATGTGGCTTAGCTACTT	{27197} {27163} {27191}
5.785226590941621	29824	30015	191	29824	4	0.9933628318584071	AACATGGCAAGGAAGACCTTAAATTCCCTC AACATGGTAAGGAAGACCTTAGATTCCCTC AGCATGGCAAGGAGGAACTTAGATTCCCTC AGCATGGTAAGGAAGGACTCAAATTCCCTC	29985	2	0.9911504424778761	TACCTAGGAACTGGCCCAGAAGCTTCACTT TACCTAGGAACTGGGCCAGAAGCTGGACTT	2	1.0	CCAAATTGGCTACTACCGAAGAGCTACC GGCTACTACAGAAGAGCTACCCGACGAG	{29897} {29904}
5.7924850181197165	27249	27376	127	27249	3	0.9911504424778761	CCGCTCAATGTGGTCATTCAACCCAGAAAC GCGTTCCATGTGGTCATTCAACCCAGAAAC GCGTTCCATGTGGTCATTCAATCCAGAAAC	27346	3	0.9933628318584071	GTAATCGGAGCTGTGATCCTTCGTGGACAT GTCATCGGTGCTGTGATCCTCAGAGGACAC GTCATTGGTGCTGTGATCATTCGTGGTCAC	4	0.9867256637168141	ACATTCTTCTCAACGTGCCTCTCCGAGG CATGGCACTATTCTGACCAGACCGCTTC GGGACAATTGTGACCAGACCGCTCATGG TGCTGAATGTGCCATTGCATGGTACAAT	{27281} {27304} {27307} {27287}
5.793321916171137	17143	17298	155	17143	4	0.9933628318584071	AGTGCCACAAGAGCACTATGTGAGAATTAC AGTGCCACAGGAGCACTATGTGCGAATAAC AGTGCCACAGGAGCATTATGTTAGGATTAC AGTGCCTCAGGAGCACTATGTGAGAATAAC	17268	2	0.9933628318584071	GACCACCAGGTACTGGTAAGAGTCATTTTG GACCACCTGGTACTGGTAAGAGTCATTTTG	3	0.9977876106194691	CACTCAACATCTCAGATGAGTTTTCCAG CAGAAAGTCGGTATGCAAAAATACTCAA TCTAATGAGTTTTCTAGCAATGTTGCAA	{17187} {17231} {17198}
5.815557335320482	30300	30504	204	30300	3	0.9933628318584071	ACTGCCCTCGCGCTATTGCTGCTAGACAGA GCTGCCCTTGCTTTGCTACTGCTTGATCGG GCTGCTCTTGCTTTGCTGCTGCTTGACAGA	30474	3	0.9911504424778761	GGCAGACGTGGTCCTGAACAAACCCAAGGA GGGAGACGTGGTCCAGAACAAACCCAAGGA GGGCGACGTGGTCCAGATCAAACTCAAGGA	2	0.9911504424778761	CAAAGTTTCTGGTAAAGGCCAACAACAA GTCACTAAGAAATCTGCTGCTGAGGCAT	{30347} {30387}
5.819240417140111	13068	13231	163	13068	1	0.9933628318584071	ACCACCTTGTAGGTTTGTTACAGACACACC	13201	5	0.9911504424778761	GGAAATGCTACAGAAGTACCTGCCAATTCA GGTAACGCTACAGAAGTACCTGCCAATTCA GGTAATGCAACAGAAGTGCCTGCCAATTCA GGTAATGCAACTGAAGTGCCAGCCAACTCA GGTAATGCGACAGAAGTGCCTGCCAACTCA	3	0.9977876106194691	ACTTGGTAGTTTAGCTGCCACAGTACGT CTGGGCAGTTTAGCTGCTACAGTACGTC TTGAATAGAGGTATGGTACTGGGCAGCT	{13164} {13165} {13147}
5.822337705370951	30637	30801	164	30637	3	0.9911504424778761	CATGGCTGACTTACACAGGTGCCATCAAGC CATGGCTGACTTATCATGGAGCCATTAAAT CGTGGTTGACCTACACAGGTGCCATCAAAT	30771	3	0.9911504424778761	AAAAAGACTGACGAAAGCCAGCCTTTACCG AAAAAGACTGATGAAGCTCAGCCTTTGCCG AAGAAGGCTGATGAAACTCAAGCCTTACCG	3	0.995575221238938	AAGCTTCAAAGACAACGTCATACTGCTG TCAAATTTCAAAGATCAAGTCATTTTGC TGGATGACAAAGATCCACAATTCAAAGA	{30683} {30681} {30667}
5.830773533078032	28421	28632	211	28421	3	0.9911504424778761	ATATCACTATCAGGAGTGTGTTAGAGGTAC ATATCATTATCAGGAGTGTGTTAGGGGTAC TTATCACTACCAAGAGTGTGTTAGAGGTAC	28602	3	0.9911504424778761	CGTGCAAGATCAGTTTCACCAAAACTTTTC CGTGCCAGATCAGTTTCACCTAAACTGTTC CGTGCGAGATCAGTTTCACCCAAACTGTTT	2	0.9889380530973452	TACGAGGGCAATTCACCATTTCATCCTC TACTGTACTATTAGAAGAACCTTGCCCG	{28488} {28451}
5.846094263681199	12833	12949	116	12833	3	0.9933628318584071	GAGCCAACTCAGCTGTTAAACTACAGAATA GAGCCAATTCAGCTGTCAAACTACAGAATA GGGCCAATTCTGCTGTCAAATTACAGAATA	12919	3	0.9933628318584071	ACAGCTTGTAATGAGGATAATGCATTAGCC ACAGCTTGTACTGATGACAATGCACTTGCC ACTGCTTGCACTGATGACAATGCGTTAGCT	5	0.9977876106194691	ACAGATGTCATGTGCGGCTGGTACTACA CCAGTAGCACTACGACAGATGTCCTGTG CCAGTAGCATTACGACAGATGTCTTGTG GTAGCACTTCGACAGATGTCATGTGCTG GTCCTGTTGCACTACGACAGATGTCTTG	{12888} {12874} {12874} {12877} {12872}
5.847322592664184	30410	30629	219	30410	5	0.9911504424778761	AGCTTCTAAGAAGCCCAGACAAAAACGAAC GGCATCGAAGAAGCCTCGCCAAAAACGTAC GGCATCTAAAAAGCCTCGCCAAAAACGTAC GGCTTCCAAGAAACCTCGCCAAAAACGTAC GGCTTCTAAGAAGCCTCGGCAAAAACGTAC	30599	1	0.995575221238938	AATGTCACGCATTGGCATGGAAGTCACACC	2	0.995575221238938	GACCTAATCAGACAAGGAACTGATTATA GTGGTCCAGAACAAACCCAAGGAAATTT	{30519} {30481}
5.848943765448655	12867	13040	173	12867	3	0.9933628318584071	ACTGAGTCCAGTAGCACTACGACAGATGTC ACTGAGTCCCGTAGCACTTCGACAGATGTC GCTTAGTCCTGTTGCACTACGACAGATGTC	13010	3	0.995575221238938	TCAAATGGGCTAGATTCCCTAAGAGTGATG TCAAGTGGGCCAGATTTCCTAAATCTGATG TCAAGTGGGCTAGATTCCCTAAGAGTGACG	3	0.9977876106194691	ACAACACAACAAAGGGAGGTAGGTTTGT GTGCGGCTGGTACCACACAAACAGCTTG GTGCGGCTGGTACTACGCAAACAGCTTG	{12953} {12899} {12899}
5.857343377117346	27648	27824	176	27648	2	0.995575221238938	CGTTGACTTTCAGGTTACTATAGCAGAGAT TGTTGACTTCCAGGTTACAATAGCAGAGAT	27794	4	0.9911504424778761	CCTCAGTTAGATGATGAAGAACCTATGGAG TCGGAGTTAGATGATGAAGAACCTATGGAG TCTCAATTAGATGAAGAGCAACCAATGGAG TCTCAGTTAGACGAAGAGCAACCAATGGAG	3	0.995575221238938	AGAACTTTCAAGATTTCCATTTGGAACC GAGACAATTATTTAAGCCTCTAACTAAG TGAGGACTTTTAAAGTTTCCATTTGGAA	{27694} {27757} {27692}
5.878722420167963	730	914	184	730	2	0.995575221238938	TCTAAAGTCATTTGACTTAGGCGACGAGCT TCTAAAGTCTTATGACTTAGGTGACGAGCT	884	4	0.9911504424778761	TGTGGCCCAGATGGGTACCCTCTTGATTGC TGTGGCCCGGATGGGTATCCTCTTGAATGC TGTGGCCCTGATGGCTACCCTCTTGAGTGC TGTGGCCCTGATGGGTATCCTCTTGACTGC	3	0.9933628318584071	ATGAAGATTTTCAAGAAAACTGGAACAC CATTGATGACTTTCAAGTCAACTGGAAC TCCCATTGAAGATTATGAACAAAACTGG	{774} {772} {769}
5.889	13538	13630	92	13538	2	0.9933628318584071	AAACACAGTCTGTACCGTCTGCGGAATGTG GAATACAGTCTGTACCGTCTGCGGTATGTG	13600	5	0.9933628318584071	GCGAACCCATGATGCAGTCTGCGGATGCGT GCGAACCCATGATGCAGTCTGCTGACGCGT GCGAACCCATGCTTCAGTCAGCTGATGCAC GCGAACCCTTGATGCAGTCTGCGGATGCAT GCGAACCTATGCTTCAGTCTGCTGATGCAC	1	0.9977876106194691	GAAAGGTTATGGCTGTAGTTGTGACCAA	{13568}
5.891394696155047	18214	18403	189	18214	3	0.995575221238938	GGCAACTTTACAAGCTGAAAATGTAACAGG GGCTACATTACAAGCAGAAAATGTAACTGG GGCTACTTTACAAGCAGAAAATGTGACTGG	18373	3	0.9911504424778761	TGACCTACCGTAGACTCATCTCTATGATGG TGACCTATAGAAGACTCATCTCTATGATGG TGACCTATCGCAGACTCATCTCTATGATGG	3	0.9977876106194691	ACTAAATTCAAAACTGAAGGTTTATGTG TGTGTTGACATACCAGGCATACCAAAGG TGTTGATACTAAATTCAAGACTGAAGGA	{18318} {18342} {18311}
5.892388504066714	30246	30489	243	30246	2	0.995575221238938	CCAGGCAGCAGTAGGGGAACTTCTCCTGCT CCTGGCAGCAGTAGGGGAAATTCTCCTGCT	30459	4	0.9933628318584071	GTAACACAAGCTTTCGGCAGACGTGGTCCA GTCACCCAAGCTTTTGGGCGACGTGGTCCA GTCACTCAAGCATTTGGGAGACGTGGTCCA GTCACTCAGGCATTTGGCAGACGTGGTCCT	2	0.9911504424778761	GCGGAGGTGGTGAAACTGCCCTCGCGCT GTCACTAAGAAATCTGCTGCTGAGGCAT	{30286} {30387}
5.902730266661922	15395	15644	249	15395	4	0.9911504424778761	GAACAAGCAAATTCTATGGTGGTTGGCACA GAACAAGCAAATTTTATGGTGGCTGGCATA GAACAAGCAAGTTTTACGGTGGCTGGCATA GAACTAGTAAATTCTATGGTGGCTGGAACA	15614	2	0.9911504424778761	TAAGTGAGATGGTCATGTGTGGCGGCTCAC TGAGTGAAATGGTCATGTGTGGCGGTTCAC	2	0.9889380530973452	CTTAGGATAATGGCCTCTCTTGTTCTTG GTTGTAGCTTGTCACACCGTTTCTATAG	{15514} {15560}
5.904421916171136	29815	30065	250	29815	3	0.9977876106194691	CTCTCACTCAACATGGCAAGGAAGACCTTA CTCTCACTCAGCATGGCAAGGAGGAACTTA CTCTCACTCAGCATGGTAAGGAAGGACTCA	30035	3	0.9911504424778761	AGGCATCGTATGGGTCGCAACTGAGGGAGC AGGCATCGTATGGGTTGCAACTGAGGGAGC CGGCATCATATGGGTTGCAACTGAGGGAGC	2	1.0	CCAAATTGGCTACTACCGAAGAGCTACC GGCTACTACAGAAGAGCTACCCGACGAG	{29897} {29904}
5.95436473040372	12447	12664	217	12447	2	0.9933628318584071	GATGGCAGATCAGGCTATGACCCAAATGTA GATGGCTGATCAAGCTATGACCCAAATGTA	12634	4	0.9933628318584071	ACAGCAGCCAAACTAATGGTTGTCATACCA ACAGCAGCCAAACTCATGGTTGTTGTCCCT ACAGCAGCTAAACTCATGGTTGTTGTACCT ACTGCAGCCAAACTAATGGTTGTTGTACCT	3	1.0	AACGATGCTTTTCACTATGCTTAGAAAA ATCTGAGGACAAGAGGGCAAAAGTAACT CAGGCGAGATCTGAGGACAAGAGGGCAA	{12528} {12489} {12481}
5.957194263681199	11384	11556	172	11384	2	0.9933628318584071	CTACATGCCTGCTAGCTGGGTGATGCGTAT CTATATGCCTGCTAGTTGGGTGATGCGTAT	11526	4	0.9911504424778761	TATGATGATGCTGCTAGACGTGTTTGGACA TATGATGATGCTGCTAGGCGTGTATGGACA TATGATGATGGTGCTAGAAGAGTTTGGACA TATGATGATGGTGCTAGGAGAGTGTGGACA	4	0.9911504424778761	GACATGGCTTGAATTGGCTGACACTAGC GACTTGGTTGGACATGGTTGATACCAGC GATATGGTTGATACTAGTTTGTCTGGTT TGACATGGCTTGAATTGGCCGACACTAG	{11417} {11417} {11427} {11416}
5.9572942636812	30107	30195	88	30107	3	0.9911504424778761	TAACAATGCTGCAATCGTGCTACAACTTCC TAACAATGCTGCCACCGTGCTACAACTTCC TAACAATGCTGCCATTGTGCTACAACTTCC	30165	4	0.9911504424778761	TACGCAGAAGGGAGCAGAGGCGGCAGTCAA TACGCAGAAGGGAGCAGGAATGGTAGTCAA TACGCAGAGGGAAGCAGAGGCGGCAGTCAA TACGCAGAGGGGAGCAGAGGTGGCAGTCAA	2	0.9933628318584071	TCAAGGAACAGCTTTGCCTAAAGGTTTC TCAAGGCACAACATTGCCAAAAGGCTTC	{30137} {30137}
5.981971411322414	27249	27430	181	27249	3	0.9911504424778761	CCGCTCAATGTGGTCATTCAACCCAGAAAC GCGTTCCATGTGGTCATTCAACCCAGAAAC GCGTTCCATGTGGTCATTCAATCCAGAAAC	27400	3	0.9911504424778761	GGACGCTGTGACATCAAGGACCTGCCTAAA GGGCGCTGTGACATTAAGGACCTGCCAAAA GGGCGCTGTGATATTAAGGACCTGCCAAAG	4	0.9911504424778761	CATGGCACTATTCTGACCAGACCGCTTC GGGACAATTGTGACCAGACCGCTCATGG TCCTCAATGTGCCTCTCCGAGGGACAAT TGCTGAATGTGCCATTGCATGGTACAAT	{27304} {27307} {27287} {27287}
5.992801953228442	27127	27364	237	27127	3	0.9911504424778761	GTGCTTGCTGCTGTCTACAGAATTAATTGG GTGCTTGCTGCTGTTTACAGAATAAATTGG GTGCTTGCTGCTGTTTACAGAATTAACTGG	27334	3	0.9911504424778761	GAAAGTGAACTCGTAATCGGAGCTGTGATC GAAAGTGAACTTGTCATTGGTGCTGTGATC GAGAGTGAACTCGTAATTGGAGCTGTGATC	3	0.9933628318584071	GCTTGATGTGGCTCAGCTACTTCATTGC GGCGGGATTGCGATTGCAATGGCTTGTA TTGTAGGCTTGATGTGGCTTAGCTACTT	{27197} {27163} {27191}
5.994607968360733	676	914	238	676	2	0.995575221238938	TCTTCTCCGTAAGAATGGTAATAAGGGAGC TCTTCTTCGTAAGAACGGTAATAAGGGAGC	884	4	0.9911504424778761	TGTGGCCCAGATGGGTACCCTCTTGATTGC TGTGGCCCGGATGGGTATCCTCTTGAATGC TGTGGCCCTGATGGCTACCCTCTTGAGTGC TGTGGCCCTGATGGGTATCCTCTTGACTGC	3	0.9933628318584071	ATGAAGATTTTCAAGAAAACTGGAACAC GGTCATAGTTTCGGCATCGATCTAAAGT TCCCATTGAAGATTATGAACAAAACTGG	{774} {710} {769}
6.008701087828205	11384	11630	246	11384	2	0.9933628318584071	CTACATGCCTGCTAGCTGGGTGATGCGTAT CTATATGCCTGCTAGTTGGGTGATGCGTAT	11600	4	0.9933628318584071	TGCTTTAGATCAAGCAATTTCTATGTGGGC TGCTTTAGATCAAGCTATTTCCATGTGGGC TTCCTTAGATCAAGCTATTTCCATGTGGGC TTCTTTAGACCAAGCTATTTCCATGTGGGC	3	0.9889380530973452	CACTCGTTTATAAAGTTTATTATGGTAA TCGAATTGGCTGATACTAGCTTGTCTGG TTATGATGATGCTGCTAGACGTGTTTGG	{11572} {11425} {11525}
6.012129642842771	17040	17288	248	17040	3	0.995575221238938	GTGATGCTGTTGTGTACAGAGGTACTACAA GTGATGCTGTTGTGTACAGAGGTACTACGA GTGATGCTGTTGTTTACCGAGGTACAACAA	17258	3	0.9911504424778761	ACACTCCAAGGACCACCTGGTACTGGTAAG ACACTCCAGGGACCACCAGGTACCGGTAAG ACTTTACAAGGACCACCAGGTACTGGTAAA	3	0.9933628318584071	GGAGCATTATGTTAGGATTACTGGCTTG TCAGAAGAGTTTTCTAGCAATGTTGCAA TCTAATGAGTTTTCTAGCAATGTTGCAA	{17152} {17198} {17198}
6.015521916171137	27213	27463	250	27213	3	0.995575221238938	CTACTTCATTGCTTCATTCAGGCTATTTGC CTACTTCATTGCTTCTTTCAGACTGTTTGC CTACTTCGTTGCTTCCTTCAGGCTGTTTGC	27433	3	0.9977876106194691	ATCACTGTGGCTACATCACGAACGCTTTCT ATCACTGTGGCTACATCCCGGATGCTTTCT ATTACGGTGGCTACATCACGAACGCTTTCT	3	0.995575221238938	CTGGACACCATCTAGGACGCTGTGACAT GGGACAATTGTGACCAGACCGCTCATGG TCCGAGGGACAATTTTGACCAGACCGCT	{27386} {27307} {27302}
6.063516373031192	344	443	99	344	2	0.9977876106194691	AAAACACACGTCCAACTCAGTTTACCTGTT AAAACACACGTCCAACTCAGTTTGCCTGTC	413	5	0.9911504424778761	ACTGTGGAAGAAGCCCTAGCGGAAGCACGT TCCGTAGAGGAAGCTTTATCAGAGGCACGT TCCGTGGAGGAGGCTCTATCAGAGGCACGT TCCGTGGAGGAGGTCTTATCAGAGGCACGT TCTGTGGAAGAGGCCCTATCGGAGGCACGT	2	0.9867256637168141	CGACGTGCTCGTACGTGGCTTTGGAGAC TCAGGTTAGAGACGTGCTAGTGCGTGGC	{385} {376}
6.067500082244952	27213	27431	218	27213	3	0.995575221238938	CTACTTCATTGCTTCATTCAGGCTATTTGC CTACTTCATTGCTTCTTTCAGACTGTTTGC CTACTTCGTTGCTTCCTTCAGGCTGTTTGC	27401	3	0.9911504424778761	GACGCTGTGACATCAAGGACCTGCCTAAAG GGCGCTGTGACATTAAGGACCTGCCAAAAG GGCGCTGTGATATTAAGGACCTGCCAAAGG	4	0.9911504424778761	CATGGCACTATTCTGACCAGACCGCTTC CTCCGAGGGACAATTTTGACCAGACCGC GCGTACGCGTTCCATGTGGTCCTTCAAT GGGACAATTGTGACCAGACCGCTCATGG	{27304} {27301} {27243} {27307}
6.079643377117347	12327	12416	89	12327	5	0.9933628318584071	CTATGAGCAGGCTGTAGCTAATGGTGATTC TTATGAGCAAGCGGTAGCTAACGGTGATTC TTATGAGCAAGCTGTAGCAAATGGTGATTC TTATGAGCAGGCGGTAGCAAATGGTGATTC TTATGAGCAGGCTGTTGCTAATGGTGATTC	12386	2	0.995575221238938	CTCTGAATGTGGCAAAGTCTGAATTTGACC CTTTGAATGTGGCTAAATCTGAGTTTGACC	3	0.9933628318584071	GAAGTCGTTCTCAAAAAGTTAAAGAAAT GAAGTTGTTCTTAAAAAGTTGAAGAAGT GAAGTTGTTCTTAAGAAGTTAAAGAAAT	{12358} {12358} {12358}
6.079643377117347	13507	13625	118	13507	2	0.995575221238938	GTGCTAATGACCCAGTGGGTTTTACACTTA GTGCTAATGACCCTGTGGGTTTCACACTCA	13595	5	0.9933628318584071	ACTCCGCGAACCCATGATGCAGTCTGCGGA ACTCCGCGAACCCATGATGCAGTCTGCTGA ACTCCGCGAACCCATGCTTCAGTCAGCTGA ACTCCGCGAACCCTTGATGCAGTCTGCGGA ACTCCGCGAACCTATGCTTCAGTCTGCTGA	1	0.9977876106194691	GGAAAGGTTATGGCTGTAGTTGTGACCA	{13567}
6.130078667660241	29726	29834	108	29726	5	0.9933628318584071	CAACAACCAGAGTGGAGGACGCAATGGGGC CAATAACCAGAATGGAGACCGCAGTGGAGC CAATAACCAGAATGGAGGACGCAATGGGGC CAATAACCAGGATGGAGGACGCAGTGGTGC CAGTAACCAGAATGGAGAACGCAGTGGGGC	29804	2	0.9977876106194691	TTGGTTCACAGCTCTCACTCAGCATGGCAA TTGGTTCACCGCTCTCACTCAACATGGCAA	2	0.9889380530973452	CCCAGGGATTACCCAATAATACTGCGTC GCCCCAAGGTTTACCCAATAATACTGCG	{29776} {29774}
6.241178667660241	12439	12547	108	12439	4	0.9933628318584071	CTAGAAAAGATGGCTGATCAAGCTATGACC TTGGAAAAGATGGCAGATCAGGCTATGACC TTGGAAAAGATGGCTGATCAAGCTATGACC TTGGAGAAGATGGCGGATCAGGCTATGACC	12517	3	1.0	AGTGCAATGCAAACGATGCTTTTCACTATG AGTGCTATGCAAACAATGCTCTTCACTATG AGTGCTATGCAGACAATGCTTTTCACTATG	3	1.0	ATCTGAAGACAAGAGGGCAAAAGTCACT ATCTGAGGACAAGAGGGCAAAAGTAACT CAAATGTACAAGCAGGCAAGATCTGAAG	{12489} {12489} {12469}
6.241178667660241	30216	30324	108	30216	4	0.9911504424778761	CGTAGTCGCAACAGTTCAAGAAATTCAACT CGTAGTCGCAATAGTTCCAGAAACTCAACT CGTAGTCGCGGTAATTCAAGAAATTCAACT CGTAGTCGTGGAAATTCAAGAACTTCAACT	30294	3	0.9933628318584071	GGTGAAACTGCCCTCGCGCTATTGCTGCTA GGTGATGCTGCCCTTGCTTTGCTACTGCTT GGTGATGCTGCTCTTGCTTTGCTGCTGCTT	3	0.995575221238938	CCAGGCAGCAGTAGGGGAACTTCTCCTG CCTGGCAGCAGTAGGGGAAATTCTCCAG CTGGCAGCAGTAGGGGAAATTCTCCTGC	{30246} {30246} {30247}
6.251026686365171	609	704	95	609	5	0.9933628318584071	GTAGCGGTACAACACTGGGAGTGCTCGTGC GTAGCGGTATAACACTGGGAGTACTCGTGC GTAGCGGTATAACTCTGGGAGTGCTCGTGC GTAGCGGTGAGACTCTTGGTGTTCTTGTAC GTAGTGGTGAGACACTTGGTGTCCTTGTCC	674	2	0.995575221238938	GTTCTTCTCCGTAAGAATGGTAATAAGGGA GTTCTTCTTCGTAAGAACGGTAATAAGGGA	4	0.9911504424778761	ACGTGGGCGAAACCCCAATCGCATACCG CACATGTGGGCGAAACCCCAATTGCATA CACATGTTGGTGAAACACCTGTTGCTTA CTCATGTGGGCGAAATACCAGTGGCTTA	{642} {639} {639} {639}
6.297814670640964	12334	12475	141	12334	5	0.9911504424778761	CAAGCGGTGGCTAACGGTGATTCTGAAGTG CAAGCTGTAGCAAATGGTGATTCTGAAGTT CAGGCGGTAGCAAATGGTGATTCTGAAGTT CAGGCTGTAGCTAATGGTGATTCTGAAGTC CAGGCTGTTGCTAATGGTGATTCTGAAGTT	12445	2	0.9933628318584071	AAGATGGCAGATCAGGCTATGACCCAAATG AAGATGGCTGATCAAGCTATGACCCAAATG	2	0.9977876106194691	GAAATCTTTGAATGTGGCTAAATCTGAG GTCTGAATTTGACCGTGATGCGGCCATG	{12381} {12402}
6.312711090344213	18287	18377	90	18287	4	0.9933628318584071	AACACAGGCACCTACACATCTCAGTGTTGA TACACAAGCACCAACTTACCTTAGTGTTGA TACACAGGCACCTACACACCTCAGCGTTGA TACACAGGCACCTACACACCTCAGTGTTGA	18347	3	0.9911504424778761	CGACATACCAGGAATACCAAAGGACATGAC TGACATACCAGGCATACCAAAGGACATGAC TGACATACCTGGCATACCTAAGGACATGAC	5	0.995575221238938	ACAAAATTCAAGACTGAGGGACTTTGTG ACTAAATTCAAAACTGAAGGACTTTGTG ACTAAATTCAAAACTGAAGGTTTATGTG ATAAAGTTCAAGACTGAAGGATTATGTG CTAAATTCAAGACTGAAGGCCTCTGTGT	{18318} {18318} {18318} {18318} {18319}
6.352278667660241	28421	28577	156	28421	3	0.9911504424778761	ATATCACTATCAGGAGTGTGTTAGAGGTAC ATATCATTATCAGGAGTGTGTTAGGGGTAC TTATCACTACCAAGAGTGTGTTAGAGGTAC	28547	4	0.9911504424778761	AAGCCAACAATTTGCTTTTGCTTGCCCTGA TAGCACACACTTTGCTTTTGCTTGTGCTGA TAGCACACATTTTGCTTTTGCTTGTGCTGA TAGCACTCAATTTGCTTTTGCTTGTCCTGA	2	0.9889380530973452	TACGAGGGCAATTCACCATTTCATCCTC TACTGTACTATTAGAAGAACCTTGCCCG	{28488} {28451}
6.358888527362399	30037	30195	158	30037	3	0.9933628318584071	GCATCATATGGGTTGCAACTGAGGGAGCCT GCATCGTATGGGTCGCAACTGAGGGAGCCT GCATCGTATGGGTTGCAACTGAGGGAGCCT	30165	4	0.9911504424778761	TACGCAGAAGGGAGCAGAGGCGGCAGTCAA TACGCAGAAGGGAGCAGGAATGGTAGTCAA TACGCAGAGGGAAGCAGAGGCGGCAGTCAA TACGCAGAGGGGAGCAGAGGTGGCAGTCAA	2	0.9933628318584071	CTCAAGGAACAGCTTTGCCTAAAGGTTT TCAAGGCACAACATTGCCAAAAGGCTTC	{30136} {30137}
6.37557901698314	29726	29932	206	29726	5	0.9933628318584071	CAACAACCAGAGTGGAGGACGCAATGGGGC CAATAACCAGAATGGAGACCGCAGTGGAGC CAATAACCAGAATGGAGGACGCAATGGGGC CAATAACCAGGATGGAGGACGCAGTGGTGC CAGTAACCAGAATGGAGAACGCAGTGGGGC	29902	2	0.9933628318584071	TTGGCTACTACCGAAGAGCTACCAGACGAA TTGGCTACTACCGAAGAGCTACCCGACGAG	1	0.9933628318584071	CCAATAATACTGCGTCTTGGTTCACCGC	{29788}
6.387053964378334	30410	30577	167	30410	5	0.9911504424778761	AGCTTCTAAGAAGCCCAGACAAAAACGAAC GGCATCGAAGAAGCCTCGCCAAAAACGTAC GGCATCTAAAAAGCCTCGCCAAAAACGTAC GGCTTCCAAGAAACCTCGCCAAAAACGTAC GGCTTCTAAGAAGCCTCGGCAAAAACGTAC	30547	2	0.995575221238938	AACACTGGCCGCAAATAGCACAGTTTGCTC AACATTGGCCGCAAATTGCACAATTTGCTC	2	0.995575221238938	GACCTAATCAGACAAGGAACTGATTATA GTGGTCCAGAACAAACCCAAGGAAATTT	{30519} {30481}
6.3926799693424075	12726	12863	137	12726	4	0.9933628318584071	GGAAATCCAACAGGTTGTAGATGCAGATAG GGAAATCCAGCAAGTTGTTGATGCGGATAG GGAAATTCAGCAAGTTGTTGATGCAGATAG GGAGATCCAGCAAGTTGTAGACGCAGATAG	12833	3	0.9933628318584071	GAGCCAACTCAGCTGTTAAACTACAGAATA GAGCCAATTCAGCTGTCAAACTACAGAATA GGGCCAATTCTGCTGTCAAATTACAGAATA	3	0.9977876106194691	CAAATTTGGCTTGGCCTCTTATTGTTAC CAACTTAGTGAAATTAGTATGGACAATT TCCCGCTTAGTGAAATTAATATGGATAA	{12797} {12766} {12764}
6.4016942636811995	11600	11716	116	11600	4	0.9933628318584071	TGCTTTAGATCAAGCAATTTCTATGTGGGC TGCTTTAGATCAAGCTATTTCCATGTGGGC TTCCTTAGATCAAGCTATTTCCATGTGGGC TTCTTTAGACCAAGCTATTTCCATGTGGGC	11686	3	0.995575221238938	TAGCTAGAGCTATAGTGTTTGTGTGTGTTG TGGCCAGAGGTATTGTTTTTATGTGTGTTG TGGCTAGAGGTATTGTCTTTATGTGCGTTG	4	1.0	CTGTTACTTCTAACTACTCAGGTGTAGT TCAGGCGTTGTTACAACCGTCATGTTCT TCCGTAACCTCTAACTATTCTGGTGTCG TCTGTAACCTCTAACTATTCTGGTGTCG	{11641} {11658} {11640} {11640}
6.404932422683973	611	751	140	611	5	0.995575221238938	AGCGGTACAACACTGGGAGTTCTCGTGCCA AGCGGTATAACACTGGGAGTACTCGTGCCA AGCGGTATAACTCTGGGAGTGCTCGTGCCA AGCGGTGAGACTCTTGGTGTTCTTGTACCA AGTGGTGAGACACTTGGTGTCCTTGTCCCT	721	2	0.9911504424778761	CGGCGCCGATCTAAAGTCATTTGACTTAGG TGGCATCGATCTAAAGTCTTATGACTTAGG	3	0.9977876106194691	ATGTGGGCGAAACCCCAATTGCGTACCG CGCAATGTTCTTCTTCGTAAGAACGGTA CTGTTGCTTATCGCAAAATTCTTCTCCG	{642} {668} {657}
6.420572931341441	30174	30276	102	30174	5	0.9911504424778761	GGAAGCAGAGGCGGCAGTCAAGCCTCTTCT GGGAGCAGAGGCGGCAGTCAAGCTTCTTCA GGGAGCAGAGGTGGCAGTCAAGCCTCTTCT GGGAGCAGAGGTGGCAGTCAATCTTCATCT GGGAGCAGGAATGGTAGTCAAGCCTCTTCT	30246	2	0.995575221238938	CCAGGCAGCAGTAGGGGAACTTCTCCTGCT CCTGGCAGCAGTAGGGGAAATTCTCCTGCT	5	0.9977876106194691	ACGTAGTCGTGGAAATTCAAGAACTTCA CGTAGTCGTGGTAATTCAAGAAATTCAA CTCATCACGTAGTCGCGGTAATTCAAGA TAGTCGCAATAGTTCCAGAAACTCAACT TCATCACGTAGTCGCAACAGTTCAAGAA	{30215} {30216} {30209} {30218} {30210}
6.423811090344213	15524	15704	180	15524	3	0.9933628318584071	TGGCCTCTCTTGTTCTTGCTCGCAAACATA TGGCTTCACTTGTTCTTGCTCGCAAACATA TGGCTTCCCTCATTCTTGCTCGCAAACATA	15674	4	0.9977876106194691	GAGATGCCACAACTGCTTATGCTAATAGTG GTGATGCCACAACTGCATATGCTAATAGTG GTGATGCCACAACTGCCTACGCTAATAGTG GTGATGCTACAACTGCTTATGCTAATAGTG	2	0.9867256637168141	CTTGCTGTAGTTTGTCACATCGTTTCTA TCACTATATGTTAAACCAGGTGGAACAT	{15557} {15640}
6.435485705661208	29726	29962	236	29726	5	0.9933628318584071	CAACAACCAGAGTGGAGGACGCAATGGGGC CAATAACCAGAATGGAGACCGCAGTGGAGC CAATAACCAGAATGGAGGACGCAATGGGGC CAATAACCAGGATGGAGGACGCAGTGGTGC CAGTAACCAGAATGGAGAACGCAGTGGGGC	29932	2	0.995575221238938	TTCGTGGTGGTGACGGCAAAATGAAAGAGC TTCGTGGTGGTGACGGTAAAATGAAAGATC	1	0.9933628318584071	CCAATAATACTGCGTCTTGGTTCACCGC	{29788}
6.4354857056612085	676	824	148	676	2	0.995575221238938	TCTTCTCCGTAAGAATGGTAATAAGGGAGC TCTTCTTCGTAAGAACGGTAATAAGGGAGC	794	5	0.9911504424778761	TGGAACACTAAACATAGCAGTGGTGTTACC TGGAACACTAAACATGGCAGTGGTGCCCTT TGGAACACTAAACATGGCAGTGGTGTAACT TGGAACACTAAGCATGGCAGTGGTGCACTC TGGAACACTAAGCATGGCAGTGGTGCTCTC	3	0.9889380530973452	AGTCATTTGACTTAGGCGACGAGCTTGG GTCTTATGACTTAGGTGACGAGCTTGGC TCTTATGACTTAGGTGACGAGCTTAACA	{735} {736} {737}
6.444500000000001	12334	12522	188	12334	5	0.9911504424778761	CAAGCGGTGGCTAACGGTGATTCTGAAGTG CAAGCTGTAGCAAATGGTGATTCTGAAGTT CAGGCGGTAGCAAATGGTGATTCTGAAGTT CAGGCTGTAGCTAATGGTGATTCTGAAGTC CAGGCTGTTGCTAATGGTGATTCTGAAGTT	12492	2	0.995575221238938	TGAAGACAAGAGGGCAAAAGTAACTAGTGC TGAGGACAAGAGGGCAAAAGTAACTAGTGC	2	0.9977876106194691	GAAATCTTTGAATGTGGCTAAATCTGAG GTCTGAATTTGACCGTGATGCGGCCATG	{12381} {12402}
6.444500000000001	30037	30225	188	30037	3	0.9933628318584071	GCATCATATGGGTTGCAACTGAGGGAGCCT GCATCGTATGGGTCGCAACTGAGGGAGCCT GCATCGTATGGGTTGCAACTGAGGGAGCCT	30195	4	0.995575221238938	GCCTCTTCTCGCTCCTCATCACGTAGTCGC GCCTCTTCTCGCTCTTCATCACGTAGTCGC GCTTCTTCACGCTCTTCATCACGTAGTCGC TCTTCATCTCGCTCCTCATCACGTAGTCGC	2	0.9933628318584071	CTCAAGGAACAGCTTTGCCTAAAGGTTT TCAAGGCACAACATTGCCAAAAGGCTTC	{30136} {30137}
6.449470128054923	11526	11716	190	11526	4	0.9911504424778761	TATGATGATGCTGCTAGACGTGTTTGGACA TATGATGATGCTGCTAGGCGTGTATGGACA TATGATGATGGTGCTAGAAGAGTTTGGACA TATGATGATGGTGCTAGGAGAGTGTGGACA	11686	3	0.995575221238938	TAGCTAGAGCTATAGTGTTTGTGTGTGTTG TGGCCAGAGGTATTGTTTTTATGTGTGTTG TGGCTAGAGGTATTGTCTTTATGTGCGTTG	2	0.9889380530973452	ACACTTGTTTATAAAGTCTATTATGGTA TACAAAGTCTACTATGGTAATGCTTTAG	{11571} {11580}
6.456629642842771	1497	1604	107	1497	3	0.9911504424778761	TGAAAACCATTCTTCGTAAGGGTGGTCGCA TTAAAACCACTCTTCGTAAAGGTGGTCGTA TTGAAACTCGACTCCGCAAGGGAGGTAGGA	1574	4	0.995575221238938	AAGCGAGCCTACTGGGTCCCTCGTGCTAGT AAGCGTGCCTACTGGGTTCCTCGTGCTAGT AAGTGTGCCTATTGGGTGCCTCGTGCTGCT AAGTGTGCCTATTGGGTTCCACGTGCTAGC	5	0.9933628318584071	CTAAATGTTTCGGTGGGTGTGTGTTTGC CTAGATGTTTTGGAGGCTGTGTGTTTGC GAGGATGTGTGTTCTCTTATGTGGGCTG GAGGCTGTGTGTTCTCTTATGTTGGTTG GCGGCTGTGTATTTTCCTATGTTGGCTG	{1527} {1527} {1539} {1539} {1539}
6.460021916171137	14674	14829	155	14674	2	0.9911504424778761	GAGCTAGGTGTTGTACATAATCAGGATGTA GAGTTAGGAGTCGTACATAATCAGGATGTA	14799	5	0.9911504424778761	ACGCACATCGTGCTTTTCAGTTGCAGCTTT ACGCACTACATGCTTCTCAGTGGCTGCACT ACGCACTACATGCTTTTCAGTAGCTGCACT ACGCACTACATGCTTTTCGGTAGCTGCACT ACGTACAACATGCTTTTCAGTAGCTGCACT	3	0.995575221238938	ATACATAGCTCGAGACTTAGTTTTAAGG TAGACTTAGTTTTAAGGAATTACTTGTG TCAGTTTCAAGGAACTTTTAGTGTATGC	{14707} {14718} {14723}
6.492105354025413	11688	11853	165	11688	3	0.995575221238938	GCCAGAGGTATTGTTTTTATGTGTGTTGAG GCTAGAGCTATAGTGTTTGTGTGTGTTGAG GCTAGAGGTATTGTCTTTATGTGCGTTGAG	11823	4	0.9911504424778761	ACTCAACCGCTACTTTAGACTGACTCTTGG ACTCAACCGCTATTTTAGACTTACTCTTGG ACTCAACCGTTACTTCAGGCTTACTCTTGG ACTCAACCGTTACTTTAGACTTACCCTTGG	3	1.0	ACTTCAGTGTATAATGCTAGTTTATTGT CCAATTCTCTTTATTACAGGTAACACCT TTACAGTGTATCATGCTTGTTTATTGTT	{11750} {11724} {11751}
6.499589493487164	394	530	136	394	4	0.9911504424778761	AGTACGTGGCTTTGGGGACTCTGTGGAAGA AGTGCGTGGCTTCGGGGACTCTGTGGAAGA AGTGCGTGGTTTCGGGGATACTGTGGAAGA CGTACGTGGCTTTGGAGACTCCGTGGAGGA	500	3	0.9911504424778761	CAACTCGAACAGCCCTATGTGTTTGTCAAA CAACTTGAACAGCCCTATGTGTTCATCAAA CAGCTTGAACAGCCCTATGTGTTCATTAAA	4	0.9977876106194691	CAACATCTCAAGGATGGCACTTGTGGCT CAGAGGCACGTCAACATCTTCTTGACGG CGGAGGCACGTGAACATCTTAAAAATGG GTGGTCTAGTAGAGCTGGAAAAAGGCGT	{443} {432} {432} {465}
6.523948055426138	12636	12860	224	12636	4	0.9933628318584071	AGCAGCCAAACTAATGGTTGTCATACCAGA AGCAGCCAAACTCATGGTTGTTGTCCCTGA AGCAGCTAAACTAATGGTTGTTGTACCTGA TGCAGCCAAACTAATGGTTGTTGTACCTGA	12830	3	0.995575221238938	TAAGAGCCAACTCAGCTGTTAAACTACAGA TAAGAGCCAATTCAGCTGTCAAACTACAGA TAAGGGCCAATTCTGCTGTCAAATTACAGA	2	0.995575221238938	CACTCTGGGAAATCCAGCAAGTTGTTGA CGTGTGATGGTACAACATTTACTTATGC	{12719} {12686}
6.527833761645287	12190	12416	226	12190	5	0.9933628318584071	TGCTATCCATGCAAGGTGCTGTAGACATAA TGCTATCCATGCAGGGTGCTGTAGACATTA TGCTATCTATGCAAGGTGCTGTAGACATCA TGCTATCTATGCAGGGTGCTGTAGACATTA TGCTTTCCATGCAGGGTGCTGTAGACATAA	12386	2	0.995575221238938	CTCTGAATGTGGCAAAGTCTGAATTTGACC CTTTGAATGTGGCTAAATCTGAGTTTGACC	2	0.995575221238938	CTTCAGAATTTAGTTCTTTACCATCATA TTACAAGCTATAGCCTCAGAGTTTAGTT	{12272} {12259}
6.535466666009797	14636	14866	230	14636	5	0.9911504424778761	GTGTACCATTTGTTGTCTCAACAGGATACC GTGTACCTTTTGTTGTTTCAACAGGTTACC GTGTACCTTTTGTTGTTTCAACGGGTTACC GTGTTCCATTTGTAGTTTCAACTGGATACC GTGTTCCTTTTGTTGTTTCAACTGGATACC	14836	2	0.9911504424778761	AATGTCTCTTTTCAAACTGTCAAACCCGGT AATGTTGCTTTTCAAACTGTCAAACCCGGT	2	0.9977876106194691	ATCAAGATGTAAACATACATAGCTCGAG GGAGTCGTACATAATCAGGATGTAAACT	{14693} {14680}
6.550207968360733	15368	15517	149	15368	5	0.995575221238938	CCACAAGAGGAGCTACTGTAGTAATCGGAA CCACAAGAGGTGCCACTGTTGTCATCGGAA CCACCAGAGGAGCTACTGTAGTAATTGGAA CCACCAGAGGTGCCACAGTTGTAATAGGCA CCACTAGAGGAGCTACTGTGGTAATTGGAA	15487	2	0.9911504424778761	AAATGTGACAGAGCCATGCCTAACATGCTT AAGTGTGACAGGGCCATGCCTAACATGCTT	4	1.0	ATGTTAAAAACTGTTTACAGTGATGTTG GTCTACAGTGATGTAGAAACTCCCCACC TGAAAACTGTTTACAGTGATGTAGAAAA TGTTTATAGTGATGTAGAAAACCCTCAC	{15427} {15439} {15431} {15438}
6.574478667660241	12598	12754	156	12598	3	0.9933628318584071	GACGGTTGTGTTCCACTGAACATAATCCCC GATGGTTGTGTTCCACTCAACATCATACCA GATGGTTGTGTTCCCTTGAACATAATACCT	12724	4	0.9933628318584071	TGGGAAATCCAACAGGTTGTAGATGCAGAT TGGGAAATCCAGCAAGTTGTTGATGCGGAT TGGGAAATTCAGCAAGTTGTTGATGCAGAT TGGGAGATCCAGCAAGTTGTAGACGCAGAT	4	0.9889380530973452	ACTACTGCAGCCAAACTAATGGTTGTTG CATGGTTGTTGTCCCTGACTATGGAACC TAATGGTTGTCATACCAGACTATAACAC TACCTGATTATGGAACCTACAAGAATAC	{12631} {12648} {12647} {12659}
6.582028706359163	11654	11853	199	11654	3	0.9977876106194691	CTACTCAGGTGTAGTTACAACTGTCATGTT CTATTCAGGCGTTGTTACAACCGTCATGTT CTATTCTGGTGTCGTTACGACTATCATGTT	11823	4	0.9911504424778761	ACTCAACCGCTACTTTAGACTGACTCTTGG ACTCAACCGCTATTTTAGACTTACTCTTGG ACTCAACCGTTACTTCAGGCTTACTCTTGG ACTCAACCGTTACTTTAGACTTACCCTTGG	3	0.9977876106194691	AGGTATTGTCTTTATGTGCGTTGAGTAT GCCAGAGGTATTGTTTTTATGTGTGTTG TTACAGTGTATCATGCTTGTTTATTGTT	{11693} {11688} {11751}
6.609253964378334	12726	12893	167	12726	4	0.9933628318584071	GGAAATCCAACAGGTTGTAGATGCAGATAG GGAAATCCAGCAAGTTGTTGATGCGGATAG GGAAATTCAGCAAGTTGTTGATGCAGATAG GGAGATCCAGCAAGTTGTAGACGCAGATAG	12863	3	0.9933628318584071	ATGAACTGAGTCCAGTAGCACTACGACAGA ATGAACTGAGTCCCGTAGCACTTCGACAGA ATGAGCTTAGTCCTGTTGCACTACGACAGA	4	0.9823008849557522	CTCTTATTGTTACAGCTCTAAGGGCCAA TATGGACAACTCATCAAACTTGGCTTGG TCCCGCTTAGTGAAATTAATATGGATAA TCCTAATATTGCTTGGCCTCTTATTGTA	{12812} {12783} {12764} {12795}
6.612791578646308	15357	15570	213	15357	2	0.995575221238938	ATCCATAGCCGCCACAAGAGGTGCCACTGT GTCAATAGCCGCCACTAGAGGAGCTACTGT	15540	5	0.9911504424778761	TGCTCGCAAACATAACACTTGCTGTAACTT TGCTCGCAAACATACAACGTGTTGTAGCTT TGCTCGCAAACATACTACTTGCTGTAGTTT TGCTCGCAAACATAGCACGTGCTGTAACTT TGCTCGCAAACATAGCACTTGTTGTAACTT	3	0.9977876106194691	GTCTACAGTGATGTAGAAACTCCCCACC TGCTTAGGATAATGGCCTCTCTTGTTCT TGTTTATAGTGATGTAGAAAACCCTCAC	{15439} {15512} {15438}
6.614879969342407	7538	7752	214	7538	4	0.9911504424778761	TGGCACCCGTTTCTGCAATGGTTAGGATGT TGGCACCTGTTTCAGCAATGGTTAGGATGT TGGCCCCGATTTCAGCTATGGTTAGAATGT TGGCGCCCGTTTCTGCTATGGTCAGGATGT	7722	3	0.9911504424778761	CGTCTATGCAAATGGAGGTCGTGGCTTCTG TGTCTATGCAAATGGAGGCCGTGGCTTCTG TGTCTATGCTAATGGAGGTAAAGGCTTTTG	3	0.9845132743362832	GTATGATGTGTTACAAACGTAATAGAGC TATAGTTAATGGCATGAAAAGATCTTTC TTTCTTTGCTTCTTTCTATTATGTATGG	{7643} {7692} {7572}
6.62106473040372	18027	18244	217	18027	4	0.9911504424778761	CATCACAGGGCTCAGAATATGACTATGTCA CATCACAGGGTTCTGAATATGACTATGTCA CCTCACAGGGTTCTGAGTATGACTATGTCA CTTCACAGGGCTCGGAGTATGACTATGTCA	18214	3	0.995575221238938	GGCAACTTTACAAGCTGAAAATGTAACAGG GGCTACATTACAAGCAGAAAATGTAACTGG GGCTACTTTACAAGCAGAAAATGTGACTGG	3	1.0	ACAGAGATCTTTATGATAAGCTGCAATT ATGTCTGATAGAGACCTTTATGACAAAT GATAGAGATCTTTATGACAAACTGCAAT	{18156} {18149} {18155}
6.633087395870146	12726	12949	223	12726	4	0.9933628318584071	GGAAATCCAACAGGTTGTAGATGCAGATAG GGAAATCCAGCAAGTTGTTGATGCGGATAG GGAAATTCAGCAAGTTGTTGATGCAGATAG GGAGATCCAGCAAGTTGTAGACGCAGATAG	12919	3	0.9933628318584071	ACAGCTTGTAATGAGGATAATGCATTAGCC ACAGCTTGTACTGATGACAATGCACTTGCC ACTGCTTGCACTGATGACAATGCGTTAGCT	3	0.995575221238938	CAAATTTGGCTTGGCCTCTTATTGTTAC TCCCGCTTAGTGAAATTAATATGGATAA TCTTATTGTAACAGCTTTAAGGGCCAAT	{12797} {12764} {12813}
6.673672960526725	459	704	245	459	5	0.9911504424778761	GCACTTGTGGCATAATCGATGTTGAAAAGG GCACTTGTGGCTTAGTAGAAGTTGAAAAAG GCACTTGTGGCTTAGTAGAGCTGGAAAAAG GCACTTGTGGTCTAGTAGAGCTGGAAAAAG GCACTTGTGGTTTAGTGGAGCTGGAAAAAG	674	2	0.995575221238938	GTTCTTCTCCGTAAGAATGGTAATAAGGGA GTTCTTCTTCGTAAGAACGGTAATAAGGGA	3	0.995575221238938	CACATGTGGGCGAAACCCCAATTGCATA CCCTATGTGTTTGTCAAACGTTCTGATG TCAACTTGAACAGCCCTATGTGTTCATC	{639} {512} {499}
6.673672960526725	18214	18459	245	18214	3	0.995575221238938	GGCAACTTTACAAGCTGAAAATGTAACAGG GGCTACATTACAAGCAGAAAATGTAACTGG GGCTACTTTACAAGCAGAAAATGTGACTGG	18429	4	0.9911504424778761	GGTTACCCTAACATGTTCATCACCCGCGAA GGTTACCCTAACATGTTTATTACCCGTGAA GGTTACCCTAATATGTTTATCACCCGCGAA GGTTACCCTAATATGTTTATTACCCGTGAG	3	0.995575221238938	ATGGGTTTTAAAATGAATTATCAAGTTA TGTGTTGACATACCAGGCATACCAAAGG TGTTGATACTAAATTCAAGACTGAAGGA	{18399} {18342} {18311}
6.678983757168364	19960	20153	193	19960	3	0.9911504424778761	CTGTTAATGTAGCGTTTGAGCTTTGGGCTA CTGTTAATGTGGCGTTTGAGCTTTGGGCCA CTGTTAATGTTGCATTTGAGCTTTGGGCTA	20123	4	0.9911504424778761	GACCGACATTGCTAAGAAACCTACTGAGAG GACTGACATAGCAAAGAAACCTACTGAAAC GACTGACATAGCCAAGAAACCAACTGAAAC GACTGACATTGCCAAGAAACCTACTGAGAG	4	0.9911504424778761	AACATTAAACCAGTGCCAGAGATTAAGA AACCTGTTCCAGAAGTGAAAATACTCAA CTGAGATTAAGATACTCAATAATTTGGG GCAACATTAAACCAGTACCAGAGGTGAA	{19995} {20002} {20011} {19993}
6.682221916171137	17269	17519	250	17269	2	0.9933628318584071	ACCACCAGGTACTGGTAAGAGTCATTTTGC ACCACCTGGTACTGGTAAGAGTCATTTTGC	17489	5	0.9911504424778761	GTCTTTTGTACTGTAAATGCATTGCCTGAG GTGTTCTGTACAGTGAATGCACTACCAGAA GTTTTCTGCACTGTAAATGCACTGCCTGAA GTTTTCTGCACTGTAAATGCATTGCCAGAA GTTTTCTGCACTGTTAATGCTCTGCCCGAA	3	0.9933628318584071	ATTAAAATATTTGCCCATAGATAAATGT CATTAAAATATCTGCCCATTGATAAATG TTTGATAAATTCAAAGTGAATTCAACAT	{17386} {17385} {17450}
6.725979969342407	28495	28632	137	28495	4	0.9933628318584071	GCAATTCACCATTTCACCCTCTTGCTGACA GCAATTCACCATTTCATCCCCTTGCTGACA GCAATTCACCATTTCATCCTCTAGCTGATA GCAATTCACCATTTCATCCTCTTGCCGATA	28602	3	0.9911504424778761	CGTGCAAGATCAGTTTCACCAAAACTTTTC CGTGCCAGATCAGTTTCACCTAAACTGTTC CGTGCGAGATCAGTTTCACCCAAACTGTTT	6	0.995575221238938	ACACTTTGCTTTTGCTTGTGCTGACGGT CACTTGCTTGCTCAAGCCAACAATTTGC CTGACTTGCTTTAGCACTCAATTTGCTT CTTTTGCTTGTGCTGACGGTACTCGACA GCACACACTTTGCTTTTGCTTGTGCCGA GCATTAGCACACATTTTGCTTTTGCTTG	{28553} {28534} {28536} {28561} {28549} {28543}
6.742214670640964	1382	1604	222	1382	3	0.9911504424778761	ACATGTGGGTACCTACCTACTAATGCTGTA ACTTGTGGTTACCTTCCTCAAAATGCTGTA ACTTGTGGTTACTTACCCCAAAATGCTGTT	1574	4	0.995575221238938	AAGCGAGCCTACTGGGTCCCTCGTGCTAGT AAGCGTGCCTACTGGGTTCCTCGTGCTAGT AAGTGTGCCTATTGGGTGCCTCGTGCTGCT AAGTGTGCCTATTGGGTTCCACGTGCTAGC	4	0.9867256637168141	CCAGAAATGGGACCTGAGCACAGTCTCG GCAAGGGAGGTAGGACTAGATGTTTTGG TAAATGTTTTGGAGGCTGTGTGTTTGCC TCAGAAGTAGGACCTGAGCATAGTCTTG	{1445} {1512} {1528} {1445}
6.744187395870146	16829	17052	223	16829	5	0.9911504424778761	GAAACACTCAAAGCTACTGAGGAAACATTC GAAACACTTAAAGCAACAGAGGAGACCTTC GAAACGCTCAAAGCAACTGAGGAGACATTC GAAACGCTCAAAGCCACTGAGGAAACATTT GAAACGCTCAAAGCTACTGAGGAGACATTT	17022	2	0.9977876106194691	TTGAAAAAGGTGACTATGGTGATGCTGTTG TTGAAAAGGGTGACTACGGTGACGCTGTTG	4	1.0	ACGTGAAGTACTGTCTGATAAAGAACTT GGAGGTTGGAAAACCTAGACCACCATTG TGAAGTACTGTCAGATAGAGAACTTTAC TGAAGTGCTGTCTGACAGAGAATTACAT	{16885} {16924} {16888} {16888}
6.759771411322415	17269	17450	181	17269	2	0.9933628318584071	ACCACCAGGTACTGGTAAGAGTCATTTTGC ACCACCTGGTACTGGTAAGAGTCATTTTGC	17420	5	0.9911504424778761	ATCATACCCGCACGTGCCCGTGTGGAGTGT ATCATACCTGCACGTGCGCGTGTGGAGTGC ATCATACCTGCGCGTGCGCGCGTAGAGTGT ATTATACCAGCACGTGCTCGTGTTGAATGC ATTATACCTGCACGTGCTCGTGTAGAGTGT	5	0.9977876106194691	ATTAAAATATTTGCCCATAGATAAATGT CATTAAAATATCTGCCCATTGATAAATG GAGAAGGCATTAAAATATTTGCCTATAG GGCATTAAAATACTTGCCTATAGATAAG TAAAATATTTGCCTATAGATAAATGTAG	{17386} {17385} {17378} {17383} {17388}
6.806626686365171	15484	15579	95	15484	3	0.9911504424778761	CCAAAATGTGACAGAGCCATGCCTAACATG CCAAAGTGTGACAGGGCCATGCCTAACATG CCTAAATGTGATAGAGCCATGCCTAACATG	15549	5	0.9911504424778761	ACATAACACTTGCTGTAACTTATCACACCG ACATACAACGTGTTGTAGCTTGTCACACCG ACATACTACTTGCTGTAGTTTGTCACATCG ACATAGCACGTGCTGTAACTTGTCGCACCG ACATAGCACTTGTTGTAACTTGTCACACCG	3	0.9977876106194691	CTTAGAATCATGGCTTCCCTCATTCTTG CTTAGAATTATGGCCTCACTTGTTCTTG CTTAGGATAATGGCCTCTCTTGTTCTTG	{15514} {15514} {15514}
6.84326473040372	25642	25859	217	25642	4	0.9911504424778761	GCTGCAAATTTGATGAAGACGACTCTGAGC GCTGCAAATTTGATGAAGACGATTCAGAAC GCTGCAAATTTGATGAAGATGACTCTGAGC GCTGCAAGTTTGATGAGGATGACTCTGAGC	25829	3	0.9911504424778761	TACAAGCCACATTCCCTTTCGGATGGCTTA TACAAGCCTCACTCCCTTTCGGATGGCTTG TACAAGCCTCATTCTCTTTCCGATGGCTTG	5	0.9933628318584071	CAGTGCTCAAAGGAGTCAAATTACACTA GAAAAATTGACAATGCTTCTCCTGCAAG GAACTGTAACTTTGAAGCAAGGTGAAAT GATCAATTACTGCACAGCCAGTAAAAAT GATCTGTAACATTCAAACCAGGAAAAAT	{25672} {25772} {25751} {25751} {25751}
6.873509836406473	25642	25824	182	25642	4	0.9911504424778761	GCTGCAAATTTGATGAAGACGACTCTGAGC GCTGCAAATTTGATGAAGACGATTCAGAAC GCTGCAAATTTGATGAAGATGACTCTGAGC GCTGCAAGTTTGATGAGGATGACTCTGAGC	25794	3	0.9911504424778761	TGCAAGTACTGTTCATGCTACAGCAACGAT TTCAGATTCTATTCGCGCTACTGCAACGAT TTCAGATTTTGTTCGCGCTACTGCAACGAT	6	0.9933628318584071	CAGTGCTCAAAGGAGTCAAATTACACTA GAACTGTAACTTTGAAGCAAGGTGAAAT GATCAATTACTGCACAGCCAGTAAAAAT GATCTGTAACATTCAAACCAGGAAAAAT TTGGATCAATTACTGCACAGCCAGGAAA TTGGATCAATTACTGCACATCCAGGAAA	{25672} {25751} {25751} {25751} {25748} {25748}
6.876222044777588	12520	12754	234	12520	3	1.0	GCAATGCAAACGATGCTTTTCACTATGCTT GCTATGCAAACAATGCTCTTCACTATGCTT GCTATGCAGACAATGCTTTTCACTATGCTT	12724	4	0.9933628318584071	TGGGAAATCCAACAGGTTGTAGATGCAGAT TGGGAAATCCAGCAAGTTGTTGATGCGGAT TGGGAAATTCAGCAAGTTGTTGATGCAGAT TGGGAGATCCAGCAAGTTGTAGACGCAGAT	5	0.9933628318584071	ACTACTGCAGCCAAACTAATGGTTGTTG CATGGTTGTTGTCCCTGACTATGGAACC TAATGGTTGTCATACCAGACTATAACAC TACAGCAGCCAAACTCATGGTTGTTGTC TACCTGATTATGGAACCTACAAGAATAC	{12631} {12648} {12647} {12633} {12659}
6.878822420167963	440	531	91	440	5	0.9933628318584071	CGTCAACATCTTAAAGATGGCACTTGTGGC CGTCAACATCTTCTTGACGGCACTTGTGGC CGTGAACACCTCAAAAATGGCACTTGTGGT CGTGAACATCTGAAAAGTGGCACTTGTGGC CGTGAACATCTTAAAAATGGCACTTGTGGC	501	3	0.9911504424778761	AACTCGAACAGCCCTATGTGTTTGTCAAAC AACTTGAACAGCCCTATGTGTTCATCAAAC AGCTTGAACAGCCCTATGTGTTCATTAAAC	4	0.9911504424778761	GTAGAGCTGGAAAAAGGCGTACTGCCCC TAATCGATGTTGAAAAGGGAGTACTCCC TAGTAGAAGTTGAAAAAGGCGTTTTGCC TAGTAGAGCTGGAAAAAGGTGTTTTACG	{473} {471} {471} {471}
6.971295040691433	30484	30661	177	30484	5	0.9933628318584071	GTCCAGAACAAACCCAAGGAAACTTCGGGG GTCCAGAACAAACCCAAGGAAACTTTGGGG GTCCAGAACAAACCCAAGGAAATTTCGGGG GTCCAGATCAAACTCAAGGAAACTTTGGAG GTCCTGAACAAACCCAAGGAAATTTTGGGG	30631	3	0.995575221238938	CGGGAACATGGCTGACTTACACAGGTGCCA CGGGAACATGGCTGACTTATCATGGAGCCA CGGGAACGTGGTTGACCTACACAGGTGCCA	1	0.9911504424778761	TTGGAATGTCACGCATTGGCATGGAAGT	{30595}
6.9761729313414405	10960	11062	102	10960	5	0.9933628318584071	ACTAGGACCCCTTTCTGCGCAAACAGGAAT ACTAGGACCTCTTTCTGCTCAAACTGGAAT ACTGGGACCTCTTTCTGCACAAACAGGAAT ATTGGGACCTCTTTCTGCTCAAACAGGAAT TCTAGGACCACTATCAGCTCAAACTGGTAT	11032	3	0.9911504424778761	AAATGGTATGAACGGTCGCACTATCTTAGG AAATGGTATGAATGGACGTACCATATTGGG GAATGGTATGAATGGTCGTACTATCCTTGG	4	0.9867256637168141	GATATGTGTGCTGCTCTGAAAGAGCTTC GCCGTCTTAGATATGTGTGCTGCTTTGA GCCGTTTTAGATATGTGTGCTTCATTAA TGGATATGTGTGCTGCCTTAAAAGAGCT	{11000} {10991} {10991} {10998}
7.101022420167963	10631	10753	122	10631	3	0.9977876106194691	CCTCAATGGGTCATGTGGTAGTGTTGGTTT CCTTAATGGATCATGTGGTAGTGTTGGTTT CCTTAATGGTTCTTGTGGTAGTGTTGGTTT	10723	5	0.9933628318584071	TACACGCTGGCACCGACTTAGAAGGTAAAT TACACGCTGGTACTGACTTAGAAGGTAAAT TACATGCGGGCACAGATTTAGAAGGTACCT TGCACGCTGGTACTGACTTAGAAGGTAAAT TTCATGCTGGCACAGACTTAGAAGGTAACT	4	0.9933628318584071	ACATTGACTATGATTGCGTGTCCTTTTG CATTGATTATGATTGCGTGTCTTTCTGC GACTGTGTCTCTTTTTGTTACATGCACC TGACTGTGTCTCTTTTTGCTACATGCAT	{10663} {10664} {10674} {10673}
7.1112	1288	1412	124	1288	5	0.9911504424778761	ACATTGTAGTGAAACTTCATGGCAAACTGG TCATTGCGATGAAGTTTCATGGCAGACGTG TCATTGTGATGAAGCTTCTTGGCAGACGTG TCATTGTGATGAAGTTTCATGGCAGACGCG TCATTGTGGTGAAACTTCATGGCAGACGGG	1382	3	0.9911504424778761	ACATGTGGGTACCTACCTACTAATGCTGTA ACTTGTGGTTACCTTCCTCAAAATGCTGTA ACTTGTGGTTACTTACCCCAAAATGCTGTT	4	0.9933628318584071	CACTTGTGAACAATGTGGCACTGAAAAT CGACTTTCTGAAAGCCACTTGTGAACAT TGACTTCCTTAAAGCCACTTGTGAATTT TTGTTAAAGCCACTTGCGAATTTTGTGG	{1333} {1318} {1318} {1323}
7.123483757168364	17329	17522	193	17329	3	0.995575221238938	ACGCATTGTTTATACAGCATGTTCACATGC TCGCATAGTGTATACAGCTTGCTCTCATGC TCGCATAGTGTATACGGCATGCTCTCATGC	17492	5	0.9933628318584071	TTCTGCACTGTAAATGCACTGCCTGAAACT TTCTGCACTGTAAATGCATTGCCAGAAACA TTCTGCACTGTTAATGCTCTGCCCGAAACT TTCTGTACAGTGAATGCACTACCAGAAACA TTTTGTACTGTAAATGCATTGCCTGAGACG	2	0.9977876106194691	AGTGAATTCAACACTAGAACAGTATGTT CATTAAAATATCTGCCCATTGATAAATG	{17464} {17385}
7.1250302666619225	30410	30659	249	30410	5	0.9911504424778761	AGCTTCTAAGAAGCCCAGACAAAAACGAAC GGCATCGAAGAAGCCTCGCCAAAAACGTAC GGCATCTAAAAAGCCTCGCCAAAAACGTAC GGCTTCCAAGAAACCTCGCCAAAAACGTAC GGCTTCTAAGAAGCCTCGGCAAAAACGTAC	30629	3	0.995575221238938	TTCGGGAACATGGCTGACTTACACAGGTGC TTCGGGAACATGGCTGACTTATCATGGAGC TTCGGGAACGTGGTTGACCTACACAGGTGC	1	0.9911504424778761	TTGGAATGTCACGCATTGGCATGGAAGT	{30595}
7.1867146706409635	15524	15746	222	15524	3	0.9933628318584071	TGGCCTCTCTTGTTCTTGCTCGCAAACATA TGGCTTCACTTGTTCTTGCTCGCAAACATA TGGCTTCCCTCATTCTTGCTCGCAAACATA	15716	5	0.9911504424778761	GTCAAGCAGTAACAGCTAATGTAAATGCAC GTCAAGCTGTCACGGCCAATGTTAATGCAC GTCAAGCTGTGACAGCTAATGTAAATGCAC GTCAAGCTGTTACAGCCAATGTAAATGCAC GTCAGGCTGTTACTGCCAATGTGAATGCAC	2	0.9867256637168141	CTTGCTGTAGTTTGTCACATCGTTTCTA TCACTATATGTTAAACCAGGTGGAACAT	{15557} {15640}
7.206909836406473	10536	10657	121	10536	5	0.9911504424778761	GGACAGACTTTTTCAGTGTTAGCTTGTTAC GGTCAAACATTCTCAGTTTTAGCATGCTAC GGTCAAACATTTTCAGTTCTAGCATGCTAC GGTCAGACATTTTCAGTCCTAGCTTGTTAC GGTCAGACATTTTCAGTTCTTGCATGCTAC	10627	3	0.9977876106194691	CATTCCTTAATGGTTCATGTGGTAGTGTTG CTTTCCTCAATGGGTCATGTGGTAGTGTTG CTTTCCTTAATGGATCATGTGGTAGTGTTG	5	0.9889380530973452	ATCAGTGTGCAATGAGACCTAACTTTAC ATCCGGTGTTTACCAGTGTGCTATGAGA CAATGTGCTATGAGGCCCAATTTCACTA TCAGGAGTTTACCAGTGTGCCATGAGAC TCTGGTGTTTATCAGTGTGCCATGAGAC	{10588} {10577} {10590} {10578} {10578}
7.206909836406473	17329	17450	121	17329	3	0.995575221238938	ACGCATTGTTTATACAGCATGTTCACATGC TCGCATAGTGTATACAGCTTGCTCTCATGC TCGCATAGTGTATACGGCATGCTCTCATGC	17420	5	0.9911504424778761	ATCATACCCGCACGTGCCCGTGTGGAGTGT ATCATACCTGCACGTGCGCGTGTGGAGTGC ATCATACCTGCGCGTGCGCGCGTAGAGTGT ATTATACCAGCACGTGCTCGTGTTGAATGC ATTATACCTGCACGTGCTCGTGTAGAGTGT	5	0.9977876106194691	ATTAAAATATTTGCCCATAGATAAATGT CATTAAAATATCTGCCCATTGATAAATG CATTGAAATATTTGCCTATAGACAAGTG GGCATTAAAATACTTGCCTATAGATAAG TAAAATATTTGCCTATAGATAAATGTAG	{17386} {17385} {17385} {17383} {17388}
7.2095267230863795	18061	18244	183	18061	5	0.9911504424778761	CACACAAACAACTGAAACTGCACACTCTTG CACACAAACCACTGAGACTGCACACTCTTG CACACAAACTACTGAAACAGCACACTCTTG CACGCAAACTACCGAAACAGCACACTCTTG CACTCAAACCACTGAAACAGCTCACTCTTG	18214	3	0.995575221238938	GGCAACTTTACAAGCTGAAAATGTAACAGG GGCTACATTACAAGCAGAAAATGTAACTGG GGCTACTTTACAAGCAGAAAATGTGACTGG	3	1.0	ATGTCTGATAGAGACCTTTATGACAAAT GACAGAGATCTTTATGATAAGCTGCAAT GATAGAGATCTTTATGACAAACTGCAAT	{18149} {18155} {18155}
7.217251599001682	16762	16948	186	16762	3	0.9911504424778761	CTGGACAAATGCTGGTGATTACATTTTAGC TTGGACAAATGCTGGTGATTACATTCTTGC TTGGACTAATGCTGGCGATTACATACTTGC	16918	5	0.9933628318584071	TTCATGGGAAGTTGGTAAACCTAGACCACC TTCATGGGAGGTAGGAAAACCAAGACCACC TTCATGGGAGGTTGGAAAACCTAGACCACC TTCGTGGGAGGTAGGAAAACCTAGACCACC TTCTTGGGAAGTAGGAAAACCTAGACCACC	3	0.9823008849557522	AAGTACTGTCAGATAGAGAATTATATCT CTTGTACTGAGAGACTCAAACTCTTTGC TGTACTGAGAGACTCAAGCTTTTCGCAG	{16890} {16797} {16799}
7.222265756109888	1171	1412	241	1171	5	0.9911504424778761	ACCAAGGGTTGAAAAGAAAAAGCTTGATGG ACCACGTGTTGAAAAGAAAAAGACTGAAGG ACCACGTGTTGAAAAGAAAAAGACTGAGGG ACCACGTGTTGAAAAGAAAAAGCTTGAGGG ACCGCGTGTTGAAAAGAAAAAGACTGAAGG	1382	3	0.9911504424778761	ACATGTGGGTACCTACCTACTAATGCTGTA ACTTGTGGTTACCTTCCTCAAAATGCTGTA ACTTGTGGTTACTTACCCCAAAATGCTGTT	2	0.9889380530973452	CTTTATGGGTAGAATTCGATCTGTCTAT TGCGACTTTCTGAAAGCCACTTGTGAAC	{1201} {1316}
7.2411786676602405	10631	10787	156	10631	3	0.9977876106194691	CCTCAATGGGTCATGTGGTAGTGTTGGTTT CCTTAATGGATCATGTGGTAGTGTTGGTTT CCTTAATGGTTCTTGTGGTAGTGTTGGTTT	10757	5	0.9933628318584071	CGGACCTTTTGTTGACAGACAGACAGCTCA TGGACCTTTTGTTGACAGGCAAACAGCACA TGGTCCATTTGTTGACAGACAAACTGCACA TGGTCCTTTTGTAGACAGACAAACAGCACA TGGTCCTTTTGTAGATAGACAGACTGCACA	4	0.9933628318584071	ACATTGACTATGATTGCGTGTCCTTTTG CATTGATTATGATTGCGTGTCTTTCTGC GACTGTGTCTCTTTTTGTTACATGCACC TGACTGTGTCTCTTTTTGCTACATGCAT	{10663} {10664} {10674} {10673}
7.2440827288338285	12922	13119	197	12922	4	0.9933628318584071	GCTTGCACTGATGACAATGCGTTAGCTTAC GCTTGTAATGAGGATAATGCATTAGCCTAC GCTTGTACTGATGACAATGCACTCGCCTAT GCTTGTACTGATGACAATGCACTTGCCTAC	13089	4	0.9911504424778761	AGACACACCAAAAGGACCTAAAGTGAAGTA AGACACACCAAAAGGGCCTAAAGTGAAATA AGACACACCTAAAGGTCCTAAAGTGAAGTA AGACACCCCAAAAGGACCTAAAGTGAAATA	3	0.9933628318584071	ATAACACATCAAAGGGAGGTAGGTTTGT GCTGGCATTACTATCAGACCACCAAGAT TGGTACTATCTATACAGAACTGGAACCA	{12953} {12981} {13044}
7.248728706359164	17155	17354	199	17155	5	0.995575221238938	GCACTATGTGAGAATTACAGGCTTATACCC GCACTATGTGAGAATTACTGGCTTGTACCC GCACTATGTGCGAATAACTGGCTTATACCC GCACTATGTTAGAATTACTGGCTTATACCC GCATTATGTTAGGATTACTGGCTTGTACCC	17324	3	0.9933628318584071	TCAGCACGCATTGTTTATACAGCATGTTCA TCTGCTCGCATAGTGTATACAGCTTGCTCT TCTGCTCGCATAGTGTATACGGCATGCTCT	3	0.995575221238938	CACTCAACATCTCAGATGAGTTTTCTAG CAGAAGGTCGGTATGCAAAAATACTCAA TCTAATGAGTTTTCTAGCAATGTTGCAA	{17187} {17231} {17198}
7.25557380995394	13014	13216	202	13014	3	0.995575221238938	ATGGGCTAGATTCCCTAAGAGTGATGGTAC GTGGGCCAGATTTCCTAAATCTGATGGTAC GTGGGCTAGATTCCCTAAGAGTGATGGAAC	13186	5	0.9911504424778761	GTACGTCTACAAGCTGGTAATGCAACAGAA GTACGTCTTCAGGCCGGTAACGCTACAGAA GTACGTCTTCAGGCCGGTAATGCGACAGAA GTACGTCTTCAGGCTGGAAATGCTACAGAA GTACGTCTTCAGGCTGGTAATGCAACTGAA	3	1.0	CTAAATAGAGGTATGGTACTGGGCAGTT GAGGTATGGTGCTGGGCAGTTTAGCTGC TGGTACTATCTATACAGAACTGGAACCA	{13147} {13154} {13044}
7.290594263681199	18287	18459	172	18287	4	0.9933628318584071	AACACAGGCACCTACACATCTCAGTGTTGA TACACAAGCACCAACTTACCTTAGTGTTGA TACACAGGCACCTACACACCTCAGCGTTGA TACACAGGCACCTACACACCTCAGTGTTGA	18429	4	0.9911504424778761	GGTTACCCTAACATGTTCATCACCCGCGAA GGTTACCCTAACATGTTTATTACCCGTGAA GGTTACCCTAATATGTTTATCACCCGCGAA GGTTACCCTAATATGTTTATTACCCGTGAG	4	0.995575221238938	ACTAAATTCAAAACTGAAGGACTTTGTG ATGGGTTTTAAAATGAATTATCAAGTTA CTAAATTCAAGACTGAAGGCCTCTGTGT TGTGTTGACATACCAGGCATACCAAAGG	{18318} {18399} {18319} {18342}
7.309472931341441	1297	1525	228	1297	5	0.9911504424778761	TGAAACTTCATGGCAAACTGGTGACTTCCT TGAAACTTCATGGCAGACGGGCGATTTTGT TGAAGCTTCTTGGCAGACGTGTGATTTTCT TGAAGTTTCATGGCAGACGTGCGACTTTCT TGAAGTTTCATGGCAGACGTGTGATTTCTT	1495	3	0.9911504424778761	CATTGAAACTCGACTCCGCAAGGGAGGTAG CTTGAAAACCATTCTTCGTAAGGGTGGTCG TATTAAAACCACTCTTCGTAAAGGTGGTCG	3	0.9911504424778761	CACTTGTGAATTTTGTGGTACTGAAAAT CTACATGTGGGTACCTACCTACTAATGC TTGCGAATTTTGTGGCACTGAGAATTTG	{1333} {1380} {1336}
7.350468425664694	18785	18980	195	18785	4	0.9911504424778761	GGCACATGGCTTTGAACTCACATCGATGAA GGCACATGGCTTTGAGTTGACATCTATGAA GGCGCATGGCTTTGAGCTTACATCAATGAA GGCTCATGGCTTTGAACTTACATCAATGAA	18950	4	0.9933628318584071	GATTGATGTCCAGCAATGGGGCTTTACAGG GATTGATGTCCAGCAGTGGGGTTTTACAGG GATTGATGTTCAACAATGGGGTTTTACAGG GATTGATGTTCAGCAGTGGGGCTTTACGGG	4	0.9845132743362832	ACGTGTTGTCTGTGTGACAGACGTGCGA CAAGATTGGACCAGAAAGAACGTGTTGT TGCTTTTCTACTTCATCAGATACTTATG TGTGAAAATAGGACCTGAGCGCACCTGT	{18843} {18824} {18873} {18821}
7.3755790169831394	26271	26477	206	26271	5	0.9911504424778761	CCAAATTGGTGGTTATACGGAAAAGTGGGA CCAAATTGGTGGTTATTCTGAGAATTGGCA CCAAATTGGTGGTTATTCTGAGGATAGGCA CCAAATTGGTGGTTATTCTGAGGATTGGCA CCAGATTGGTGGTTATACTGAAAAATGGGA	26447	3	0.9933628318584071	ATGTCCAAATTCACACAATCGACGGTTCAT ATGTGCAAATACACACAATCGACGGCTCTT ATGTTCAAATTCACACAATCGACGGCTCAT	4	0.9867256637168141	ACACTGGTGTTGAACATGTTACCTTCTT CATGGCTATTTCGCCGAAGTTCACTACC GTGTTAAAGACTGTGTTACATTACATGG TGGCTATTTCACCGAAGTTTACTACCAG	{26384} {26329} {26306} {26331}
7.394754842851935	13201	13416	215	13201	5	0.9911504424778761	GGAAATGCTACAGAAGTACCTGCCAATTCA GGTAACGCTACAGAAGTACCTGCCAATTCA GGTAATGCAACAGAAGTGCCTGCCAATTCA GGTAATGCAACTGAAGTGCCAGCCAACTCA GGTAATGCGACAGAAGTGCCTGCCAACTCA	13386	3	0.9933628318584071	ATGGACCAAGAGTCCTTTGGTGGTGCTTCA ATGGATCAAGAATCCTTTGGTGGTGCATCG ATGGATCAAGAATCCTTTGGTGGTGCTTCT	4	0.9845132743362832	CACCGGTACAGGACAGGCAATCACGGTA CACTGGTACAGGACAGGCAATTACTGTA CATTTGCTGTAGATGCATCAAAAGCTTA TTACAAAGATTATCTAGCTAGTGGGGGA	{13343} {13343} {13251} {13276}
7.453201087828204	21206	21452	246	21206	5	0.9911504424778761	GTGCAACAGTACATACGGCTAATAAATGGG GTGCAACCGTACACACAGCTAATAAATGGG GTGCAACCGTACATACAGCTAATAAATGGG GTGCAACTGTACATACAGCTAATAAATGGG GTGCTACTGTACATACAGCTAATAAATGGG	21422	3	0.995575221238938	TCGCATGGTGGACAGCCTTTGTTACTAATG TCTCATGGTGGACAGCTTTTGTTACAAATG TTGCATGGTGGACTGCTTTTGTTACTAATG	4	0.9977876106194691	ATCTGTGGATTTATACAACAAAAGTTAG ATTTGTGGGTTTATACAACAAAAGCTAG TATGTGGATTTATTAAACAAAAACTAGC TGTGTGGATTTATAAAGCAAAAACTAGC	{21319} {21319} {21320} {21320}
7.454919948987032	13963	14210	247	13963	3	0.9933628318584071	ACGTCAACGTCTAACTAAGTACACAATGGC ACGTCAACGTCTTACTAAATACACAATGGC ACGTCAGCGTCTAACTAAATACACAATGGC	14180	5	0.9911504424778761	AAAACAGTACAATTCTGTGATGCCATGCGA AAAACTGTGCAATTCTGCGATGCTATGCGC AAGACTGTACAATTCTGCGATGCTATGCGT AAGACTGTACAGTTTTGCGATGCTATGCGT AAGACTGTGCAATTCTGCGATGCCATGCGC	4	0.9889380530973452	ATTTTGTAGAAAATCCTGATGTTCTACG CGCGTATATGCTAACTTAGGTGAGCGTG GCCAACTTAGGTGAACGTGTACGCCAAG TTTGTAGAAAATCCTGACATCCTGCGCG	{14109} {14135} {14144} {14111}
7.4600219161711365	26271	26521	250	26271	5	0.9911504424778761	CCAAATTGGTGGTTATACGGAAAAGTGGGA CCAAATTGGTGGTTATTCTGAGAATTGGCA CCAAATTGGTGGTTATTCTGAGGATAGGCA CCAAATTGGTGGTTATTCTGAGGATTGGCA CCAGATTGGTGGTTATACTGAAAAATGGGA	26491	3	0.9933628318584071	CCAGCAATGGATCCAATTTATGATGAGCCG CCAGCAATGGATCCTATCTATGATGAGCCG CCAGTAATGGAACCAATTTATGATGAACCG	4	0.9867256637168141	ACACTGGTGTTGAACATGTTACCTTCTT GTGTTAAAGACTGTGTTACATTACATGG TCACCGAAGTTCACTACCAGCTTGAGTC TGGCTATTTCACCGAAGTTTACTACCAG	{26384} {26306} {26339} {26331}
7.646111090344212	794	914	120	794	5	0.9911504424778761	TGGAACACTAAACATAGCAGTGGTGTTACC TGGAACACTAAACATGGCAGTGGTGCCCTT TGGAACACTAAACATGGCAGTGGTGTAACT TGGAACACTAAGCATGGCAGTGGTGCACTC TGGAACACTAAGCATGGCAGTGGTGCTCTC	884	4	0.9911504424778761	TGTGGCCCAGATGGGTACCCTCTTGATTGC TGTGGCCCGGATGGGTATCCTCTTGAATGC TGTGGCCCTGATGGCTACCCTCTTGAGTGC TGTGGCCCTGATGGGTATCCTCTTGACTGC	3	0.9845132743362832	ACGGAGGGGCATACACTCGCTATGTCGA ACTCGTGAGCTCAATGGAGGTGCAGTCA GGGGGCGCATACACTCGCTATGTAGACA	{846} {833} {848}
7.671770128054923	13435	13625	190	13435	4	0.9977876106194691	GCCACATAGATCATCCAAATCCTAAAGGAT GCCACATAGATCATCCTAACCCTAAAGGTT GCCACATTGACCATCCAAATCCTAAAGGAT GCCACATTGATCATCCAAATCCTAAGGGAT	13595	5	0.9933628318584071	ACTCCGCGAACCCATGATGCAGTCTGCGGA ACTCCGCGAACCCATGATGCAGTCTGCTGA ACTCCGCGAACCCATGCTTCAGTCAGCTGA ACTCCGCGAACCCTTGATGCAGTCTGCGGA ACTCCGCGAACCTATGCTTCAGTCTGCTGA	1	0.9977876106194691	GGAAAGGTTATGGCTGTAGTTGTGACCA	{13567}
7.777899999999999	886	1010	124	886	4	0.9911504424778761	TGGCCCAGATGGGTACCCTCTTGATTGCAT TGGCCCGGATGGGTATCCTCTTGAATGCAT TGGCCCTGATGGCTACCCTCTTGAGTGCAT TGGCCCTGATGGGTATCCTCTTGACTGCAT	980	5	0.9933628318584071	GAATCGAAGAGAGGCGTCTACTGCTGCCGT GAATCGAAGCGTGGTGTCTATTGCTGCCGT GACACTAAAAGAGGTGTGTACTGCTGCCGT GACACTAAGAGGGGTGTATACTGCTGCCGT GAGTCGAAGAGAGGTGTCTACTGCTGCCGT	4	0.9933628318584071	AAAGACTTATTAGCTCGTGCTGGAAAGT GCACGTGCTGGTAAAGCTTCATGCACTT GCGGGCAAGTCAATGTGCACTCTTTCCG TAAAGATCTTCTCGCTCGTGCGGGTAAG	{917} {929} {935} {916}
7.85466788931984	15395	15570	175	15395	4	0.9911504424778761	GAACAAGCAAATTCTATGGTGGTTGGCACA GAACAAGCAAATTTTATGGTGGCTGGCATA GAACAAGCAAGTTTTACGGTGGCTGGCATA GAACTAGTAAATTCTATGGTGGCTGGAACA	15540	5	0.9911504424778761	TGCTCGCAAACATAACACTTGCTGTAACTT TGCTCGCAAACATACAACGTGTTGTAGCTT TGCTCGCAAACATACTACTTGCTGTAGTTT TGCTCGCAAACATAGCACGTGCTGTAACTT TGCTCGCAAACATAGCACTTGTTGTAACTT	3	0.9933628318584071	ATGCTTAGAATTATGGCTTCTCTTGTTC TGCTTAGGATAATGGCCTCTCTTGTTCT TGTTTATAGTGATGTAGAAAACCCTCAC	{15511} {15512} {15438}
7.897701087828204	8465	8618	153	8465	4	0.9911504424778761	CATGACACCCCGTGACCTTGGTGCTTGTAT CATGACGCCCAGAGATCTTGGCGCATGTAT CATGACGCCTAGAGATCTAGGTGCTTGTAT CATGACGCCTAGAGATCTTGGTGCATGTAT	8588	5	0.9933628318584071	ACAACTACGAAAACAAATACGTAGTGCTGC ACAACTGCGTAAACAAATACGTAGTGCTGC ACAGCTGCGCAAGCAAATTCGCAGTGCTGC ACAGCTGCGTAAACAAATTCGTAGTGCTGC ACAGTTGCGCAAGCAAATTCGTAGTGCTGC	4	1.0	ACGTCATATTAATGCACAAGTAGCAAAA CTCATTTGGAATGTAAAAGACTACATGT GCAAGGCATATCAATGCCCAAGTAGCAA GCGTCATATTAATGCGCAGGTAGCAAAA	{8507} {8550} {8505} {8507}
7.98557439218088	394	627	233	394	4	0.9911504424778761	AGTACGTGGCTTTGGGGACTCTGTGGAAGA AGTGCGTGGCTTCGGGGACTCTGTGGAAGA AGTGCGTGGTTTCGGGGATACTGTGGAAGA CGTACGTGGCTTTGGAGACTCCGTGGAGGA	597	5	0.9933628318584071	TTCAGTACGGTCGTAGCGGTATAACACTGG TTCAGTACGGTCGTAGCGGTATAACTCTGG TTCAGTACGGTCGTAGCGGTGAGACTCTTG TTCAGTACGGTCGTAGTGGTGAGACACTTG TTCAGTTCGGTCGTAGCGGTACAACACTGG	3	0.9977876106194691	CCCTATGTGTTCATCAAACGTTCGGATG CGGAAGCACGTGAACATCTTAAAAATGG GTAGAGCTGGAAAAAGGCGTACTGCCCC	{512} {432} {473}
7.98557439218088	18628	18861	233	18628	5	0.9911504424778761	CCAGAGTTAATGCAAAACCTCCACCAGGTG CCAGAGTTAATGCGAAACCTCCTCCAGGTG CCAGAGTTAGTGCTAAACCACCGCCTGGAG CTAGAGTCAATGCAAAACCTCCTCCAGGTG CTAGGGTGAGTGCTAAACCACCACCTGGTG	18831	4	0.9911504424778761	GGACCTGAAAGAACGTGTTGTCTGTGCGAC GGACCTGAAAGAACGTGTTGTCTGTGTGAC GGACCTGAACGCACTTGTTGCTTATGTGAC GGACCTGAGCGCACCTGTTGTCTATGTGAT	3	0.9889380530973452	CTGAAAGGATTGTCAGACAGAGTCGTGT CTTGGAATGTAGTGCGTATAAAGATTGT GACAGAGTCGTTTTTGTCCTTTGGGCAC	{18747} {18700} {18762}
7.997585737400774	18628	18815	187	18628	5	0.9911504424778761	CCAGAGTTAATGCAAAACCTCCACCAGGTG CCAGAGTTAATGCGAAACCTCCTCCAGGTG CCAGAGTTAGTGCTAAACCACCGCCTGGAG CTAGAGTCAATGCAAAACCTCCTCCAGGTG CTAGGGTGAGTGCTAAACCACCACCTGGTG	18785	4	0.9911504424778761	GGCACATGGCTTTGAACTCACATCGATGAA GGCACATGGCTTTGAGTTGACATCTATGAA GGCGCATGGCTTTGAGCTTACATCAATGAA GGCTCATGGCTTTGAACTTACATCAATGAA	4	0.9889380530973452	ATTAAGATTGTTCAAATGCTCAGTGACA CTGAAAGGATTGTCAGACAGAGTCGTGT CTTGGAATGTAGTGCGTATAAAGATTGT GCTGAAGGGATTATCTGACAGAGTCGTG	{18717} {18747} {18700} {18746}
8.00183196905215	15270	15512	242	15270	5	0.9911504424778761	TAGTGCAAAGAATAGAGCTCGCACAGTTGC TAGTGCAAAGAATAGAGCTCGCACCGTAGC TAGTGCAAAGAATAGAGCTCGCACCGTTGC TAGTGCTAAAAATAGAGCTCGCACCGTTGC TAGTGCTAAAAATAGAGCTCGTACAGTTGC	15482	4	0.9911504424778761	ACCCAAAATGTGACAGAGCCATGCCTAATA ACCCTAAATGTGACAGAGCCATGCCTAACA ATCCAAAATGTGACAGAGCCATGCCTAACA ATCCTAAATGTGATAGAGCCATGCCTAACA	3	0.995575221238938	GTCTACAGTGATGTAGAAACTCCCCACC TGAAAACTGTTTACAGTGATGTAGAAAA TGTTTATAGTGATGTAGAAAACCCTCAC	{15439} {15431} {15438}
8.008801087828203	18287	18533	246	18287	4	0.9933628318584071	AACACAGGCACCTACACATCTCAGTGTTGA TACACAAGCACCAACTTACCTTAGTGTTGA TACACAGGCACCTACACACCTCAGCGTTGA TACACAGGCACCTACACACCTCAGTGTTGA	18503	5	0.9933628318584071	AGGGTGTCATGCTACAAGAGAAGCTGTTGG GGGCTGTCATGCAACTAGAGATGCTGTGGG GGGGTGTCATGCTACTAGAGAAGCTGTTGG GGGTTGTCATGCAACAAGGGATGCTGTGGG GGGTTGTCATGCTACTAGAGATGCTGTAGG	3	0.995575221238938	CCAAGTCAATGGTTACCCTAATATGTTT CTGAAGGTTTGTGTGTCGACATACCAGG TGTGTTGACATACCAGGCATACCAAAGG	{18419} {18331} {18342}
8.013930266661921	18566	18815	249	18566	5	0.9911504424778761	AGGTGTCAATCTAGTAGCAGTTCCTACAGG AGGTGTTAACCTAGTGGCCGTACCAACTGG AGGTGTTAACCTAGTTGCTGTACCTACAGG AGGTGTTAACTTAGTAGCTGTACCGACTGG AGGTGTTAATCTAGTAGCTGTACCAACTGG	18785	4	0.9911504424778761	GGCACATGGCTTTGAACTCACATCGATGAA GGCACATGGCTTTGAGTTGACATCTATGAA GGCGCATGGCTTTGAGCTTACATCAATGAA GGCTCATGGCTTTGAACTTACATCAATGAA	3	0.9845132743362832	AATAATACAGATTTTTCCAGAGTTAGTG AGAGTCAATGCAAAACCTCCTCCAGGTG CTGAAAGGATTGTCAGACAGAGTCGTGT	{18612} {18630} {18747}
8.021882728833829	17760	17957	197	17760	4	0.9933628318584071	CCGAAATTGTTGACACAGTGAGTGCCTTAG CTGAAATAGTTGACACTGTAAGTGCTCTAG CTGAAATTGTCGACACTGTGAGTGCTTTAG CTGAAATTGTTGACACTGTGAGTGCTTTAG	17927	5	0.9911504424778761	CGCAACCCTACTTGGAGAAAGGCTGTTTTC CGCAACCCTGCTTGGAGAAAAGCTGTTTTC CGCAACCCTGTTTGGAGAAAAGCTGTTTTT CGCAATCCTGCTTGGAGAAAAGCTGTTTTT CGTAACCCTGCTTGGAGAAAAGCTGTCTTT	4	0.9977876106194691	AAGCTAAAAGCACACAAGGATAAGTCAG AATAGGCGTTGTAAGAGAATTTCTTACA TACAAGGGTGTTATAACACATGATGTCT TTATAAGGGTGTTATCACGCATGATGTT	{17801} {17899} {17849} {17848}
8.046740537842753	17425	17522	97	17425	5	0.9933628318584071	ACCAGCACGTGCTCGTGTTGAATGCTTTGA ACCCGCACGTGCCCGTGTGGAGTGTTTTGA ACCTGCACGTGCGCGTGTGGAGTGCTTTGA ACCTGCACGTGCTCGTGTAGAGTGTTTTGA ACCTGCGCGTGCGCGCGTAGAGTGTTTTGA	17492	5	0.9933628318584071	TTCTGCACTGTAAATGCACTGCCTGAAACT TTCTGCACTGTAAATGCATTGCCAGAAACA TTCTGCACTGTTAATGCTCTGCCCGAAACT TTCTGTACAGTGAATGCACTACCAGAAACA TTTTGTACTGTAAATGCATTGCCTGAGACG	2	0.995575221238938	AGTGAATTCAACACTAGAACAGTATGTT AGTTAATTCGACACTAGAGCAATATGTG	{17464} {17464}
8.055189493487164	21206	21418	212	21206	5	0.9911504424778761	GTGCAACAGTACATACGGCTAATAAATGGG GTGCAACCGTACACACAGCTAATAAATGGG GTGCAACCGTACATACAGCTAATAAATGGG GTGCAACTGTACATACAGCTAATAAATGGG GTGCTACTGTACATACAGCTAATAAATGGG	21388	4	0.9911504424778761	TGGAATGCTGACCTTTACAAGCTTATGGGC TGGAATGCTGATCTCTACAAGCTTATGGGG TGGAATGCTGATCTTTACAAGCTTATGGGA TGGAATGCTGATCTTTATAAGCTCATGGGA	4	0.9867256637168141	ATCTGTGGATTTATACAACAAAAGTTAG ATTTGTGGGTTTATACAACAAAAGCTAG GAAGGGTTTTTCACTTATCTTTGTGGAT TGTGTGGATTTATAAAGCAAAAACTAGC	{21319} {21319} {21301} {21320}
8.102185705661206	16374	16610	236	16374	4	0.9933628318584071	GGGAACCTGAGTTTTACGAAGCCATGTACA GGGAACCTGAGTTTTATGAAGCTATGTACA GGGAACCTGAGTTTTATGAGGCTATGTACA GGGAGCCAGAGTTCTATGAAGCAATGTACA	16580	5	0.9911504424778761	ACAGGTTGTGACGTCACAGACGTTACACAA CCAGGTTGTGACGTTACTGATGTAACACAA CCAGGTTGTGATGTCACAGATGTGACTCAA CCAGGTTGTGATGTCACTGATGTGACACAA CCCGGTTGTGACGTCACAGATGTGACACAA	4	0.9977876106194691	ATCACATAAATTAGTGTTGTCTGTTAAC CATCACATAAATTAGTCTTGTCTGTTAA CTCATACAGTCTTACAGGCTGTGGGAGC TCCCATAAATTAGTGCTGTCTGTTAATC	{16534} {16533} {16407} {16535}
8.126721916171137	13201	13451	250	13201	5	0.9911504424778761	GGAAATGCTACAGAAGTACCTGCCAATTCA GGTAACGCTACAGAAGTACCTGCCAATTCA GGTAATGCAACAGAAGTGCCTGCCAATTCA GGTAATGCAACTGAAGTGCCAGCCAACTCA GGTAATGCGACAGAAGTGCCTGCCAACTCA	13421	4	0.9911504424778761	CTTGTACTGTAGATGCCACATAGATCATCC TCTGTACTGCCGTTGCCACATAGATCATCC TCTGTATTGTAGATGCCACATTGACCATCC TTTGTACTGCAGATGCCACATTGACCATCC	4	0.9889380530973452	AACAGTTACACCGGAAGCCAATATGGAT CACCGGTACAGGACAGGCAATCACGGTA CACTGGTACAGGACAGGCAATTACTGTA CATTTGCTGTAGATGCATCAAAAGCTTA	{13364} {13343} {13343} {13251}
8.182732422683971	16924	17144	220	16924	5	0.995575221238938	GGAAGTAGGAAAACCTAGACCACCTCTCAA GGAAGTTGGTAAACCTAGACCACCACTTAA GGAGGTAGGAAAACCAAGACCACCATTGAA GGAGGTAGGAAAACCTAGACCACCACTGAA GGAGGTTGGAAAACCTAGACCACCATTGAA	17114	4	0.9933628318584071	ACAGTAATGCCACTAAGTGCACCAACACTA ACAGTAATGCCATTAAGTGCACCTACACTA ACAGTCATGCCACTGAGTGCACCAACATTA ACTGTAATGCCACTTAGTGCACCTACTCTA	5	1.0	AAAAAGGTGATTATGGTGATGCTGTTGT AGAGGTACTACGACATACAAGTTGAATG ATGCTGTTGTGTACAGAGGTACTACAAC ATGCTGTTGTTTACCGAGGTACAACAAC GTGATGCTGTTGTATACAGAGGTACTAC	{17025} {17057} {17043} {17043} {17040}
8.212122420167963	16243	16427	184	16243	4	0.9911504424778761	CCCAAACCAGGAATATGCTGATGTTTTCCA CCCCAACCAGGAGTATGCTGATGTTTTCCA CCCTAATCAAGAGTATGCTGATGTTTTCCA TCCTAATCAGGAGTATGCTGATGTCTTTCA	16397	5	0.9933628318584071	ATGTACACACCACACACAGTCTTACAGGCT ATGTACACACCACACACAGTTTTACAAGCT ATGTACACACCACACACGGTCTTGCAGGCT ATGTACACACCACATACAGTCTTGCAGGCT ATGTACACACCGCATACAGTCTTACAGGCT	6	0.9933628318584071	AATGATAACACCTCACGGTATTGGGAAC CAAGGTACTGGGAACCTGAGTTTTACGA CGGTCACATGTTAGACATGTATTCTGTA TAATGATAGTACTTCAAGGTATTGGGAG TCAAGGTACTGGGAACCTGAATTTTATG TCAAGGTATTGGGAACCTGAGTTTTATG	{16352} {16365} {16315} {16351} {16364} {16364}
8.23226437332145	14636	14762	126	14636	5	0.9911504424778761	GTGTACCATTTGTTGTCTCAACAGGATACC GTGTACCTTTTGTTGTTTCAACAGGTTACC GTGTACCTTTTGTTGTTTCAACGGGTTACC GTGTTCCATTTGTAGTTTCAACTGGATACC GTGTTCCTTTTGTTGTTTCAACTGGATACC	14732	5	0.9933628318584071	AGGAACTTTTAGTGTATGCCGCTGACCCAG AGGAACTTTTAGTGTATGCTGCCGACCCAG AGGAACTTTTAGTGTATGCTGCTGATCCAG AGGAACTTTTAGTGTATGCTGCTGATCCTG AGGAATTACTTGTGTATGCTGCTGACCCTG	2	0.9977876106194691	ATCAAGATGTAAACATACATAGCTCGAG GGAGTCGTACATAATCAGGATGTAAACT	{14693} {14680}
8.301943377117347	706	824	118	706	5	0.9933628318584071	CGGTGGCCATAGCTTTGGCATCGATCTAAA CGGTGGTCATAGCTATGGCATCGATCTAAA CGGTGGTCATAGTTTTGGCATCGATCTAAA TGGTGGCCATAGCTACGGCATCGATCTAAA TGGTGGCCATAGTTACGGCGCCGATCTAAA	794	5	0.9911504424778761	TGGAACACTAAACATAGCAGTGGTGTTACC TGGAACACTAAACATGGCAGTGGTGCCCTT TGGAACACTAAACATGGCAGTGGTGTAACT TGGAACACTAAGCATGGCAGTGGTGCACTC TGGAACACTAAGCATGGCAGTGGTGCTCTC	3	0.9889380530973452	GTCATTTGACTTAGGCGACGAGCTTGGC GTCTTATGACTTAGGTGACGAGCTTGGC TCTTATGACTTAGGTGACGAGCTTAACA	{736} {736} {737}
8.30957293134144	377	479	102	377	5	0.9933628318584071	CAGGTTAGAGACGTGCTAGTACGTGGCTTC CAGGTTAGAGACGTGCTAGTGCGTGGCTTC CAGGTTAGTGACGTGTTAGTGCGTGGTTTC CAGGTTCGCGACGTGCTCGTACGTGGCTTT CAGGTTGGCGACGTGCTAGTGCGTGGTTTC	449	5	0.9911504424778761	CTCAAAAATGGCACTTGTGGTCTAGTAGAG CTGAAAAGTGGCACTTGTGGCATAGTAGAG CTTAAAAATGGCACTTGTGGCTTAGTAGAG CTTAAAGATGGCACTTGTGGCTTAGTAGAA CTTCTTGACGGCACTTGTGGCATAATCGAT	4	0.9933628318584071	AGAGGCCCTATCGGAGGCACGTGAACAC GAAGAAGCCCTAGCGGAAGCACGTGAAC GAGGAGGCTCTATCAGAGGCACGTCAAC GAGGAGGTCTTATCAGAGGCACGTCAAC	{421} {419} {419} {419}
8.371812910986067	17360	17522	162	17360	5	0.9911504424778761	GCTGTAGATGCACTGTGTGAAAAAGCATTA GCTGTTGATGCACTATGCGAAAAGGCATTG GCTGTTGATGCACTATGTGAGAAGGCATTA GCTGTTGATGCCCTATGTGAAAAGGCATTA GCTGTTGATGCCCTGTGCGAAAAGGCATTA	17492	5	0.9933628318584071	TTCTGCACTGTAAATGCACTGCCTGAAACT TTCTGCACTGTAAATGCATTGCCAGAAACA TTCTGCACTGTTAATGCTCTGCCCGAAACT TTCTGTACAGTGAATGCACTACCAGAAACA TTTTGTACTGTAAATGCATTGCCTGAGACG	2	0.995575221238938	AGTGAATTCAACACTAGAACAGTATGTT AGTTAATTCGACACTAGAGCAATATGTG	{17464} {17464}
8.387153964378335	12190	12357	167	12190	5	0.9933628318584071	TGCTATCCATGCAAGGTGCTGTAGACATAA TGCTATCCATGCAGGGTGCTGTAGACATTA TGCTATCTATGCAAGGTGCTGTAGACATCA TGCTATCTATGCAGGGTGCTGTAGACATTA TGCTTTCCATGCAGGGTGCTGTAGACATAA	12327	5	0.9933628318584071	CTATGAGCAGGCTGTAGCTAATGGTGATTC TTATGAGCAAGCGGTAGCTAACGGTGATTC TTATGAGCAAGCTGTAGCAAATGGTGATTC TTATGAGCAGGCGGTAGCAAATGGTGATTC TTATGAGCAGGCTGTTGCTAATGGTGATTC	2	0.995575221238938	CTTCAGAATTTAGTTCTTTACCATCATA TTACAAGCTATAGCCTCAGAGTTTAGTT	{12272} {12259}
8.429209836406475	17425	17607	182	17425	5	0.9933628318584071	ACCAGCACGTGCTCGTGTTGAATGCTTTGA ACCCGCACGTGCCCGTGTGGAGTGTTTTGA ACCTGCACGTGCGCGTGTGGAGTGCTTTGA ACCTGCACGTGCTCGTGTAGAGTGTTTTGA ACCTGCGCGTGCGCGCGTAGAGTGTTTTGA	17577	5	0.9911504424778761	GCGTTGTCAATGCTAGACTACGTGCAAAGC GTGTCGTCAATGCTAGACTACGTGCAAAAC GTGTTGTCAATGCCAGATTACGTGCTAAGC GTGTTGTCAATGCTAGACTTCGTGCAAAAC GTGTTGTTAATGCTAGGTTAAGGGCAAAAC	2	0.995575221238938	AGTGAATTCAACACTAGAACAGTATGTT AGTTAATTCGACACTAGAGCAATATGTG	{17464} {17464}
8.434422420167964	9525	9647	122	9525	5	0.9911504424778761	GCAACCTGTGGGTGCTTTAGATGTGTCTGC TCAACCTATTGGTGCTTTGGACATATCAGC TCAACCTGTAGGTGCTTTAGATGTATCTGC TCAACCTGTCGGTGCTCTAGATGTGTCTGC TCAACCTGTTGGTGCTTTAGATGTATCTGC	9617	5	0.9911504424778761	AATTCAGACGTGCGTTTGGTGAGTACAACC AATTCAGACGTGTTTTTGGTGAGTACAACC AATTCAGGCGTGCATTTGGTGAGTACAACC GGTTCAGGAGAGCTTTTGGCGAATACAGTC GGTTTAGAAGAGCTTTTGGTGAATACAGTC	4	0.9867256637168141	CCATATTGGTGACTTGTGCTGCTTACTA GCAGGTGGTATTATCGCCATACTGGTGA GTAGTAACATGCCTTGCCTACTATTTTA TGCAGGTGGTTTAGTTGCTATATTTGTA	{9581} {9565} {9586} {9564}
8.439551599001682	16145	16331	186	16145	5	0.9911504424778761	GCAGGCTGTTTTGTCGACGACATTGTCAAA GCAGGCTGTTTTGTCGATGATATTGTCAAA GCAGGCTGTTTTGTTGATGACATCGTCAAA GCAGGTTGTTTTGTCGATGACATTGTCAAG GCCGGCTGTTTTGTAGATGATATCGTAAAA	16301	5	0.9911504424778761	CATGATGAACTCACAGGACACATGTTAGAC CATGATGAGCTTACCGGTCACATGTTAGAC CATGATGAGCTTACTGGCCACATGTTGGAC CATGATGAGCTTACTGGTCACATGCTAGAC CATGATGAGTTAACAGGACACATGTTAGAC	2	0.995575221238938	AATCAAGAGTATGCTGATGTTTTCCATT CTGATGTCTTTCACTTGTATTTACAATA	{16247} {16260}
8.444465756109887	19461	19702	241	19461	4	0.9977876106194691	ACCAGGCTGTGATGGTGGTAGTTTGTATGT ACCAGGTTGTGATGGTGGTAGTTTGTATGT ACCTGGTTGTGATGGTGGTAGTCTGTATGT GCCTGGTTGTGATGGTGGCAGTTTGTATGT	19672	5	0.9933628318584071	GGCTGTTTGCAGACATCATGCGAATGAATA TGCTGTCTGTAGACATCATGCTAATGAGTA TGCTGTTTGCAGACACCATGCAAATGAGTA TGCTGTTTGCAGACATCATGCAAATGAGTA TGCTGTTTGCAGACGTCATGCAAACGAGTA	7	0.9933628318584071	AAACAAGTAGTGTCAGATATTGATTATG AAACAGGTCGTGTCAGACATTGATTATG GAGTCTCATGGAAAACAAGTAGTGTCAG GTAGTGTCGGATATTGATTATGTTCCAC TATTATTCTGATAGTCCTTGTGAGTCGC TTGCGAGTCTCATGGCAAGCAGGTTGTA TTGTGAGTCTCATGGCAAACAGGTAGTG	{19598} {19598} {19586} {19604} {19565} {19582} {19582}
8.4446	16822	16946	124	16822	5	0.9911504424778761	CGCAGCAGAAACGCTCAAAGCCACTGAGGA CGCAGCTGAAACGCTCAAAGCAACTGAGGA TGCAGCAGAAACGCTCAAAGCTACTGAGGA TGCGGCCGAAACACTCAAAGCTACTGAGGA TGCTGCTGAAACACTTAAAGCAACAGAGGA	16916	5	0.9933628318584071	CTTTCATGGGAAGTTGGTAAACCTAGACCA CTTTCATGGGAGGTAGGAAAACCAAGACCA CTTTCATGGGAGGTTGGAAAACCTAGACCA CTTTCGTGGGAGGTAGGAAAACCTAGACCA CTTTCTTGGGAAGTAGGAAAACCTAGACCA	4	0.9977876106194691	ACGTGAAGTACTGTCTGATAAAGAACTT TGAAGTACTGTCAGATAGAGAACTTTAC TGAAGTGCTGTCTGACAGAGAATTACAT TTTAAGCTGTCATATGGTATTGCCACTG	{16885} {16888} {16888} {16856}
8.456883757168365	14636	14829	193	14636	5	0.9911504424778761	GTGTACCATTTGTTGTCTCAACAGGATACC GTGTACCTTTTGTTGTTTCAACAGGTTACC GTGTACCTTTTGTTGTTTCAACGGGTTACC GTGTTCCATTTGTAGTTTCAACTGGATACC GTGTTCCTTTTGTTGTTTCAACTGGATACC	14799	5	0.9911504424778761	ACGCACATCGTGCTTTTCAGTTGCAGCTTT ACGCACTACATGCTTCTCAGTGGCTGCACT ACGCACTACATGCTTTTCAGTAGCTGCACT ACGCACTACATGCTTTTCGGTAGCTGCACT ACGTACAACATGCTTTTCAGTAGCTGCACT	2	0.9977876106194691	ATCAAGATGTAAACATACATAGCTCGAG GGAGTCGTACATAATCAGGATGTAAACT	{14693} {14680}
8.475608310503013	10160	10361	201	10160	5	0.995575221238938	AGATGTTCTCTACCAACCACCACAGACTTC TGACGTACTCTACCAGCCACCACAGACTTC TGATGTCCTCTACCAACCACCACAAACTTC TGATGTTCTCTACCAACCACCACAGACATC TGATGTTCTTTACCAACCACCACAAACCTC	10331	5	0.9911504424778761	ACATGTCATTTGCACAGCAGAAGACATGCT ACATGTCATTTGCACGGCGGAAGACATGCT ACATGTGATCTGCACAGCTGAAGATATGCT ACATGTGATCTGCACCTCTGAAGACATGCT ACATGTTATTTGCACGGCTGAAGACATGCT	2	0.995575221238938	CAGAGTGGTTTTAGGAAAATGGCATTCC CGGCTGTCCTTCAAAGTGGATTTAGAAA	{10209} {10198}
