cost	target-start	target-end	target-length	left-primer-start	left-primer-num-primers	left-primer-frac-bound	left-primer-target-sequences	right-primer-start	right-primer-num-primers	right-primer-frac-bound	right-primer-target-sequences	num-guides	total-frac-bound-by-guides	guide-target-sequences	guide-target-sequence-positions
2.5749342433258255	27611	27705	94	27611	1	0.9957264957264957	GTTTCGGAAGAGACAGGTACGTTAATAGTT	27675	1	0.9952516619183286	TCTTGCTAGTTACACTAGCCATCCTTACTG	1	0.9981006647673314	AGCGTACTTCTTTTTCTTGCTTTCGTGG	{27644}
2.7777	27611	27735	124	27611	1	0.9957264957264957	GTTTCGGAAGAGACAGGTACGTTAATAGTT	27705	1	0.9995251661918328	CGCTTCGATTGTGTGCGTACTGCTGCAATA	1	0.9981006647673314	AGCGTACTTCTTTTTCTTGCTTTCGTGG	{27644}
2.8109738099539405	14308	14439	131	14308	1	0.9938271604938271	CTGTACCGTCTGCGGTATGTGGAAAGGTTA	14409	1	0.9990503323836657	TTTGCGGTGTAAGTGCAGCCCGTCTTACAC	1	0.9971509971509972	TGGCTGTAGTTGTGATCAACTCCGCGAA	{14338}
2.93097901698314	31573	31706	133	31573	1	0.99667616334283	GGCATGGAAGTCACACCTTCGGGAACGTGG	31676	1	0.9905033238366572	AGCATATTGACGCATACAAAACATTCCCAC	2	0.9957264957264957	CTGACTTATCATGGAGCCATTAAATTGG TCAAATTTCAAAGATCAAGTCATTTTGC	{31603} {31642}
3.071432422683972	27475	27695	220	27475	1	0.9990503323836657	GACTACTAGCGTGCCTTTGTAAGCACAAGC	27665	1	0.9938271604938271	TTCGTGGTATTCTTGCTAGTTACACTAGCC	1	0.9985754985754985	ACGTTAATAGTTAATAGCGTACTTCTTT	{27629}
3.1248302666619225	30862	31111	249	30862	1	0.9952516619183286	ATTGGCTACTACCGAAGAGCTACCAGACGA	31081	1	0.9957264957264957	ATCGTGCTACAACTTCCTCAAGGAACAACA	1	0.9962013295346629	ATATGGGTTGCAACTGAGGGAGCCTTGA	{31003}
3.1265219161711366	27475	27725	250	27475	1	0.9990503323836657	GACTACTAGCGTGCCTTTGTAAGCACAAGC	27695	1	0.9995251661918328	ATCCTTACTGCGCTTCGATTGTGTGCGTAC	1	0.9985754985754985	ACGTTAATAGTTAATAGCGTACTTCTTT	{27629}
3.1723548428519353	31705	31920	215	31705	1	0.9962013295346629	CCAACAGAGCCTAAAAAGGACAAAAAGAAG	31890	1	0.9943019943019943	GACCACACAAGGCAGATGGGCTATATAAAC	2	0.99002849002849	GCAGAGACAGAAGAAACAGCAAACTGTG TGCCGCAGAGACAAAAGAAGCAGCCCAC	{31761} {31757}
3.1793942636811994	31272	31360	88	31272	2	0.9928774928774928	GCTATTGCTGCTAGACAGATTGAACCAGCT TTTGCTGCTGCTTGACAGATTGAACCAGCT	31330	1	0.9909781576448243	CAACAACAAGGCCAAACTGTCACTAAGAAA	1	0.99335232668566	TGAGAGCAAAATGTCTGGTAAAGGCCAA	{31302}
3.241634243325825	31107	31201	94	31107	1	0.9952516619183286	AACATTGCCAAAAGGCTTCTACGCAGAAGG	31171	2	0.99335232668566	TCATCACGTAGTCGCAACAGTTCAAGAAAT TCATCACGTAGTCGCGGTAATTCAAGAAAT	1	0.9857549857549858	CAGAGGCGGCAGTCAAGCCTCTTCTCGT	{31140}
3.2904942636811993	30754	30842	88	30754	1	0.9938271604938271	AATACTGCGTCTTGGTTCACCGCTCTCACT	30812	2	0.9914529914529915	CTCGAGGACAAGGCGTTCCAATTAACACCA CTCGAGGCCAGGGCGTTCCAATCAACACCA	2	0.9957264957264957	CAACATGGCAAGGAAGACCTTAAATTCC CAGCATGGCAAGGAGGAACTTAGATTCC	{30784} {30784}
3.323122420167963	27398	27489	91	27398	2	0.9952516619183286	GTCCAAATTCACACAATCGACGGTTCATCC GTGCAAATACACACAATCGACGGCTCTTCA	27459	1	0.9952516619183286	ATGATGAACCGACGACGACTACTAGCGTGC	2	0.99335232668566	GGAGTTGCTAATCCAGCAATGGATCCAA GGAGTTGTTAATCCAGTAATGGAACCAA	{27428} {27428}
3.324285705661207	31898	32002	104	31898	1	0.9928774928774928	AAGGCAGATGGGCTATATAAACGTTTTCGC	31972	2	0.9909781576448243	CTCGTAACTAAACAGCACAAGTAGGTTTAG CTCGTAACTACATAGCACAAGTAGATGTAG	1	0.9957264957264957	TTACGATATATAGTCTACTCTTGTGCAG	{31936}
3.3652648453679435	31506	31616	110	31506	1	0.9962013295346629	CAAACATTGGCCGCAAATTGCACAATTTGC	31586	2	0.99667616334283	CACCTTCGGGAACATGGCTGACTTATCATG CACCTTCGGGAACGTGGTTGACCTACACAG	1	0.9981006647673314	CGGAATGTCGCGCATTGGCATGGAAGTC	{31557}
3.48893770537095	16800	16912	112	16800	1	0.9914529914529915	CCTTACTAAAGGACCTCATGAATTTTGCTC	16882	2	0.9919278252611586	CCAGATCCATCAAGAATATTAGGCGCAGGC CCAGATCCATCAAGAATCCTAGGGGCCGGC	2	0.9867046533713201	CACGATGCTAGTTAAACAAGGAGATGAT CAGGGTGATGATTATGTGTACCTTCCTT	{16836} {16852}
3.5010360029807224	31705	31819	114	31705	1	0.9962013295346629	CCAACAGAGCCTAAAAAGGACAAAAAGAAG	31789	2	0.9928774928774928	ACTCTTCTTCCTGCGGCTGACATGGATGAT ACTCTTCTTCCTGCTGCAGATTTGGATGAT	2	0.99002849002849	GCAGAGACAGAAGAAACAGCAAACTGTG TGCCGCAGAGACAAAAGAAGCAGCCCAC	{31761} {31757}
3.5119000822449524	30973	31112	139	30973	2	0.9914529914529915	CTTCCCTACGGCGCTAACAAAGAAGGCATC CTTCCCTATGGTGCTAACAAAGACGGCATC	31082	1	0.9957264957264957	TCGTGCTACAACTTCCTCAAGGAACAACAT	1	0.9962013295346629	ATATGGGTTGCAACTGAGGGAGCCTTGA	{31003}
3.515932422683972	31506	31646	140	31506	1	0.9962013295346629	CAAACATTGGCCGCAAATTGCACAATTTGC	31616	2	0.9952516619183286	GAGCCATTAAATTGGATGACAAAGATCCAC GTGCCATCAAATTGGATGACAAAGATCCAA	1	0.9981006647673314	CGGAATGTCGCGCATTGGCATGGAAGTC	{31557}
3.5183681611474054	31332	31449	117	31332	1	0.9909781576448243	ACAACAAGGCCAAACTGTCACTAAGAAATC	31419	2	0.9919278252611586	CGTCACTCAAGCATTTGGGAGACGTGGTCC TGTAACACAAGCTTTCGGCAGACGTGGTCC	2	0.9924026590693258	GCTGAGGCTTCTAAGAAGCCTCGGCAAA TGCTGCTGAGGCATCTAAAAAGCCTCGC	{31366} {31362}
3.529423285568201	30862	30981	119	30862	1	0.9952516619183286	ATTGGCTACTACCGAAGAGCTACCAGACGA	30951	2	0.9985754985754985	AGGAACTGGCCCAGAAGCTTCACTTCCCTA AGGAACTGGGCCAGAAGCTGGACTTCCCTA	2	1.0	GTGGTGACGGTAAAATGAAAGATCTCAG TCGTGGTGGTGACGGCAAAATGAAAGAG	{30899} {30894}
3.542822044777587	14188	14335	147	14188	2	0.9943019943019943	CTGCCGTTGCCACATAGATCATCCAAATCC TTGTAGATGCCACATTGACCATCCAAATCC	14305	1	0.9938271604938271	AGTCTGTACCGTCTGCGGTATGTGGAAAGG	1	0.9976258309591642	TAAAGGATTTTGTGACTTAAAAGGTAAG	{14218}
3.5555	11237	11361	124	11237	1	0.9957264957264957	CCTTAATGGTTCATGTGGTAGTGTTGGTTT	11331	2	0.9928774928774928	CACGCTGGTACTGACTTAGAAGGTAAATTC CATGCTGGCACAGACTTAGAAGGTAACTTT	2	0.9943019943019943	ACATTGATTATGATTGCGTGTCTTTCTG GACTGTGTCTCTTTTTGTTACATGCACC	{11269} {11280}
3.574934243325825	13577	13705	128	13577	2	0.9914529914529915	GTAGGTTTGTACTTGCACTGTTATCCGATT GTAGGTTTGTGCTGGCATTACTATCAGACC	13675	1	0.9952516619183286	CCACCTTGTAGGTTTGTTACAGACACACCT	2	0.9862298195631529	AGTGATGGTACAGGTACAATTTACACAG TACAGGATTTGAAATGGGCTAGATTCCC	{13639} {13607}
3.6105894934871645	16136	16272	136	16136	1	0.9957264957264957	AGGAGCTACTGTAGTAATTGGAACAAGCAA	16242	2	0.99002849002849	TATCCAAAATGTGACAGAGCCATGCCTAAC TATCCTAAATGTGATAGAGCCATGCCTAAC	2	0.99667616334283	GTCTACAGTGATGTAGAAACTCCCCACC TGTTTATAGTGATGTAGAAAACCCTCAC	{16200} {16199}
3.6189163730311913	621	759	138	621	1	0.9919278252611586	AAAACACACGTCCAACTCAGTTTGCCTGTT	729	2	0.9905033238366572	AAAAATGGCACTTGTGGTCTAGTAGAGCTG AAAGATGGCACTTGTGGCTTAGTAGAAGTT	2	0.99335232668566	CGACGTGCTCGTACGTGGCTTTGGAGAC TTCAGGTTAGAGACGTGCTAGTGCGTGG	{662} {652}
3.6310146706409636	31779	31920	141	31779	2	0.9928774928774928	GCAAACTGTGACTCTTCTTCCTGCTGCAGA GCCCACTGTGACTCTTCTTCCTGCGGCTGA	31890	1	0.9943019943019943	GACCACACAAGGCAGATGGGCTATATAAAC	2	0.9962013295346629	TATGGATGATTTCTCCAGACAACTTCAA TTTGGATGATTTCTCCAAACAATTGCAA	{31809} {31809}
3.6377950406914326	14188	14365	177	14188	2	0.9943019943019943	CTGCCGTTGCCACATAGATCATCCAAATCC TTGTAGATGCCACATTGACCATCCAAATCC	14335	1	0.9957264957264957	TTATGGCTGTAGTTGTGATCAACTCCGCGA	1	0.9976258309591642	TAAAGGATTTTGTGACTTAAAAGGTAAG	{14218}
3.646466666009797	31705	31850	145	31705	1	0.9962013295346629	CCAACAGAGCCTAAAAAGGACAAAAAGAAG	31820	2	0.9947768281101614	TCTCCAAACAATTGCAACAATCCATGAGCA TCTCCAGACAACTTCAAAATTCCATGAGTG	2	0.99002849002849	GCAGAGACAGAAGAAACAGCAAACTGTG TGCCGCAGAGACAAAAGAAGCAGCCCAC	{31761} {31757}
3.653826723086379	15875	16058	183	15875	2	0.99002849002849	CAACCTAGACAAATCAGCTGGTTTTCCATT CAATCTGGATAAATCAGCTGGTTTCCCATT	16028	1	0.9952516619183286	CATTAGTGCAAAGAATAGAGCTCGCACCGT	1	0.9852801519468186	AATGAGTTATGAGGATCAAGATGTACTT	{15941}
3.6575857056612073	11117	11265	148	11117	2	0.9905033238366572	GTATAAATTTGTCCGTATCCAACCTGGTCA GTATAAGTTTGTTCGCATTCAACCAGGACA	11235	1	0.9957264957264957	TTCCTTAATGGTTCATGTGGTAGTGTTGGT	2	0.9819563152896487	ATCTGGTGTTTACCAATGTGCTATGAGG TTTCAGTTCTAGAATGCTACAATGGTTC	{11183} {11152}
3.661207968360733	30862	31011	149	30862	1	0.9952516619183286	ATTGGCTACTACCGAAGAGCTACCAGACGA	30981	2	0.99002849002849	CGGCGCTAACAAAGAAGGCATCGTATGGGT TGGTGCTAACAAAGACGGCATCATATGGGT	2	1.0	ACCTAGGAACTGGGCCAGAAGCTGGACT TCGTGGTGGTGACGGCAAAATGAAAGAG	{30947} {30894}
3.674026590941621	15434	15625	191	15434	2	0.99002849002849	AGAGCTAGGTGTTGTACATAATCAGGATGT TGAGTTAGGAGTCGTACATAATCAGGATGT	15595	1	0.9938271604938271	ACAATGTTGCTTTTCAAACTGTCAAACCCG	1	0.9890788224121557	TGGTAATCTATTGCTAGATAAACGCACT	{15539}
3.6821219161711367	31821	31976	155	31821	2	0.9947768281101614	CTCCAAACAATTGCAACAATCCATGAGCAG CTCCAGACAACTTCAAAATTCCATGAGTGG	31946	1	0.9952516619183286	TAGTCTACTCTTGTGCAGAATGAATTCTCG	2	0.9947768281101614	AGATGGGTTATATAAACGTTTTCGCTTT CATGATGACCACACAAGGCAGATGGGCT	{31903} {31884}
3.686034243325825	31107	31303	196	31107	1	0.9952516619183286	AACATTGCCAAAAGGCTTCTACGCAGAAGG	31273	2	0.9905033238366572	CTATTGCTGCTAGACAGATTGAACCAGCTT TTGCTGCTGCTTGACAGATTGAACCAGCTT	1	0.9857549857549858	CAGAGGCGGCAGTCAAGCCTCTTCTCGT	{31140}
3.6888006335339796	13680	13837	157	13680	1	0.9943019943019943	TTGTAGGTTTGTTACAGACACACCTAAAGG	13807	2	0.99335232668566	GGAAATGCTACAGAAGTACCTGCCAATTCA GGTAATGCAACAGAAGTGCCTGCCAATTCA	2	0.99667616334283	CCTAAATAGAGGTATGGTGCTGGGCAGT CTTGGTAGTTTAGCTGCCACAGTACGTC	{13752} {13771}
3.6888006335339796	16659	16816	157	16659	2	0.99335232668566	ACTCTCTGACGATGCTGTTGTGTGTTTCAA TCTTTCTGATGATGCCGTTGTGTGCTATAA	16786	1	0.9947768281101614	TGGACTGAGACTGACCTTACTAAAGGACCT	2	0.99667616334283	CAAGGTTTAGTAGCTAGCATTAAGAACT TGGCTAGCATAAAGAACTTTAAGTCAGT	{16705} {16715}
3.697608310503012	30862	31063	201	30862	1	0.9952516619183286	ATTGGCTACTACCGAAGAGCTACCAGACGA	31033	2	0.9905033238366572	ACACCAAAAGATCACATTGGCACCCGCAAT ACACCCAAAGACCACATTGGCACCCGCAAT	1	0.9962013295346629	ATATGGGTTGCAACTGAGGGAGCCTTGA	{31003}
3.69987380995394	15494	15625	131	15494	2	0.9909781576448243	GGAACTTTTAGTGTATGCTGCTGATCCAGC GGAATTACTTGTGTATGCTGCTGACCCTGC	15595	1	0.9938271604938271	ACAATGTTGCTTTTCAAACTGTCAAACCCG	3	0.9895536562203229	ATGCATGCTGCCTCTGGCAATTTGTTGT TGGTAATCTATTGCTAGATAAACGCACT TGGTAATTTGTTGTTAGATAAACGCACT	{15525} {15539} {15539}
3.723791578646307	15875	16088	213	15875	2	0.99002849002849	CAACCTAGACAAATCAGCTGGTTTTCCATT CAATCTGGATAAATCAGCTGGTTTCCCATT	16058	1	0.9957264957264957	AGCTGGTGTCTCTATCTGTAGTACTATGAC	1	0.9852801519468186	AATGAGTTATGAGGATCAAGATGTACTT	{15941}
3.738132422683972	30756	30976	220	30756	1	0.9938271604938271	TACTGCGTCTTGGTTCACCGCTCTCACTCA	30946	2	0.9981006647673314	TACCTAGGAACTGGCCCAGAAGCTTCACTT TACCTAGGAACTGGGCCAGAAGCTGGACTT	1	0.9985754985754985	ACCAAATTGGCTACTACCGAAGAGCTAC	{30857}
3.7405681611474053	18030	18204	174	18030	1	0.9924026590693258	ACCACCTGGTACTGGTAAGAGTCATTTTGC	18174	2	0.99002849002849	TAGTAGAATCATACCTGCGCGTGCGCGCGT TAGTAGAATTATACCTGCACGTGCTCGTGT	2	0.9843304843304843	CATTAAAATATTTGCCTATAGATAAGTG TCTATTACCCATCTGCTCGCATAGGGTA	{18146} {18074}
3.7461433771173462	26727	26845	118	26727	2	0.9905033238366572	TCAAGGATGCTACTCCTTCAGATTTTGTTC TTGACAATGCTTCTCCTGCAAGTACTGTTC	26815	1	0.9943019943019943	CGTTGCACTTCTTGCTGTTTTTCAGAGCGC	4	0.9862298195631529	ATACAAGCCTCACTCCCTTTCGGATGGC GATACAAGCCACACTCCCTTTCGGATGG GCTACAAGCCTCACTCCCATTCGGATGG GCTGCAAGCCACACTCCCCTTCGGATGG	{26777} {26776} {26776} {26776}
3.7570110903442124	621	801	180	621	1	0.9919278252611586	AAAACACACGTCCAACTCAGTTTGCCTGTT	771	2	0.99002849002849	CTGCCCCAGCTTGAACAGCCCTATGTGTTC TTGCCTCAACTTGAACAGCCCTATGTGTTC	2	0.9924026590693258	AACATCTTAAAGATGGCACTTGTGGCTT TTCAGGTTAGAGACGTGCTAGTGCGTGG	{721} {652}
3.761316028494806	14191	14423	232	14191	2	0.9957264957264957	CCGTTGCCACATAGATCATCCAAATCCTAA TAGATGCCACATTGACCATCCAAATCCTAA	14393	1	0.9985754985754985	ATCGTTTTTAAACGGGTTTGCGGTGTAAGT	1	0.99667616334283	GAAAGGTTATGGCTGTAGTTGTGATCAA	{14329}
3.767522420167963	16130	16314	184	16130	1	0.99002849002849	CACTAGAGGAGCTACTGTAGTAATTGGAAC	16284	2	0.9919278252611586	ATGGCCTCACTTGTTCTTGCTCGCAAACAT ATGGCTTCCCTCATTCTTGCTCGCAAACAT	2	0.99667616334283	GTCTACAGTGATGTAGAAACTCCCCACC TGTTTATAGTGATGTAGAAAACCCTCAC	{16200} {16199}
3.7932219161711367	30756	31006	250	30756	1	0.9938271604938271	TACTGCGTCTTGGTTCACCGCTCTCACTCA	30976	2	0.99002849002849	CCCTACGGCGCTAACAAAGAAGGCATCGTA CCCTATGGTGCTAACAAAGACGGCATCATA	1	0.9985754985754985	ACCAAATTGGCTACTACCGAAGAGCTAC	{30857}
3.82206719502264	29551	29758	207	29551	2	0.9962013295346629	CGTGCAAGATCAGTTTCACCAAAACTTTTC CGTGCCAGATCAGTTTCACCTAAACTGTTC	29728	1	0.9971509971509972	TGTGCTTTTTAGCCTTTCTGCTATTCCTTG	2	0.9862298195631529	CTCGCCACTTTTTCTCATTGTTGCTGCT TTTTCTTATTGTTGCGGCAATAGTGTTT	{29613} {29622}
3.824240537842752	28221	28429	208	28221	2	0.99335232668566	CAGAAACAAACATTCTTCTCAATGTGCCTC CAGAAACTAACATTCTTCTCAACGTGCCAC	28399	1	0.99667616334283	ACGAACGCTTTCTTATTACAAATTGGGAGC	2	0.9905033238366572	CATGGCACTATTCTGACCAGACCGCTTC CCGGGGGACAATTGTGACCAGACCGCTC	{28253} {28252}
3.828543513028184	16062	16272	210	16062	1	0.99667616334283	GGTGTCTCTATCTGTAGTACTATGACCAAT	16242	2	0.99002849002849	TATCCAAAATGTGACAGAGCCATGCCTAAC TATCCTAAATGTGATAGAGCCATGCCTAAC	2	0.99667616334283	GTCTACAGTGATGTAGAAACTCCCCACC TGTTTATAGTGATGTAGAAAACCCTCAC	{16200} {16199}
3.8431647304037195	16800	17017	217	16800	1	0.9914529914529915	CCTTACTAAAGGACCTCATGAATTTTGCTC	16987	2	0.9914529914529915	TACCCACTTACAAAGCACCCTAATCAAGAG TACCCACTTACTAAACATCCTAATCAGGAG	2	0.9867046533713201	CACGATGCTAGTTAAACAAGGAGATGAT CAGGGTGATGATTATGTGTACCTTCCTT	{16836} {16852}
3.849232422683972	27406	27626	220	27406	2	0.9943019943019943	ACACACAATCGACGGCTCTTCAGGAGTTGC TCACACAATCGACGGTTCATCCGGAGTTGT	27596	1	0.9947768281101614	CTTATGTACTCATTCGTTTCGGAAGAGACA	2	0.9971509971509972	GATCCAATTTATGATGAGCCGACGACGA TCCAGTAATGGAACCAATTTATGATGAA	{27449} {27439}
3.8573433771173464	30974	31063	89	30974	2	0.9905033238366572	TTCCCTACGGCGCTAACAAAGAAGGCATCG TTCCCTATGGTGCTAACAAAGACGGCATCA	31033	2	0.9905033238366572	ACACCAAAAGATCACATTGGCACCCGCAAT ACACCCAAAGACCACATTGGCACCCGCAAT	1	0.9962013295346629	TATGGGTTGCAACTGAGGGAGCCTTGAA	{31004}
3.8667754107419015	11237	11466	229	11237	1	0.9957264957264957	CCTTAATGGTTCATGTGGTAGTGTTGGTTT	11436	2	0.99002849002849	TGGCTGTATGCTGCTGTTATCAATGGTGAT TGGTTGTACGCTGCTGTTATAAATGGAGAC	2	0.9909781576448243	GACTGTGTCTCTTTTTGTTACATGCACC TAACGTTGATTATGATTGCGTGTCTTTC	{11280} {11267}
3.876122044777587	27721	27955	234	27721	1	0.9971509971509972	GTACTGCTGCAATATTGTTAACGTGAGTCT	27925	2	0.9938271604938271	ACTCCTGGAACAATGGAACCTAGTAATAGG GCTCCTTGAACAATGGAACCTAGTAATAGG	2	0.9881291547958214	AACCTTCTTTTTACGTTTACTCTCGTGT ACGGTTTACGTCTACTCGCGTGTTAAAA	{27756} {27761}
3.8852038657081174	26602	26841	239	26602	2	0.9914529914529915	TGATGAAGACGACTCTGAGCCAGTGCTCAA TGATGAGGATGACTCTGAGCCAGTTCTCAA	26811	1	0.9938271604938271	TTGGCGTTGCACTTCTTGCTGTTTTTCAGA	2	0.9938271604938271	ATACAAGCCTCACTCCCTTTCGGATGGC GGGAGTCAAATTACATTACACATAAACG	{26777} {26632}
3.898764373321448	14188	14281	93	14188	2	0.9943019943019943	CTGCCGTTGCCACATAGATCATCCAAATCC TTGTAGATGCCACATTGACCATCCAAATCC	14251	2	0.9947768281101614	ACAAATACCTACAACTTGTGCTAATGACCC CCAAATACCTACCACTTGTGCTAATGACCC	1	0.9976258309591642	TAAAGGATTTTGTGACTTAAAAGGTAAG	{14218}
3.9043219161711367	29508	29758	250	29508	2	0.9905033238366572	TGCTTTTGCTTGTCCTGACGGCGTAAAACA TGCTTTTGCTTGTGCTGACGGTACTCGACA	29728	1	0.9971509971509972	TGTGCTTTTTAGCCTTTCTGCTATTCCTTG	2	0.9924026590693258	CGTCTATCAGTTACGTGCCAGATCAGTT GCAAGATCTGTTTCACCAAAACTTTTCA	{29538} {29554}
3.9083342433258252	16371	16465	94	16371	2	0.9952516619183286	GTATTAAGTGAGATGGTCATGTGTGGCGGC GTATTGAGTGAAATGGTCATGTGTGGCGGT	16435	2	0.9928774928774928	GAGATGCCACAACTGCTTATGCTAATAGTG GTGATGCTACAACTGCTTATGCTAATAGTG	1	0.9947768281101614	TCACTATATGTTAAACCAGGTGGAACAT	{16401}
3.9523163730311914	31545	31644	99	31545	2	0.9938271604938271	CTCTGCATTCTTTGGAATGTCACGCATTGG TTCAGCGTTCTTCGGAATGTCGCGCATTGG	31614	2	0.99667616334283	AGGTGCCATCAAATTGGATGACAAAGATCC TGGAGCCATTAAATTGGATGACAAAGATCC	1	0.9990503323836657	CATGGAAGTCACACCTTCGGGAACGTGG	{31575}
3.9571942636811994	14298	14386	88	14298	2	0.99667616334283	AAAACACAGTCTGTACCGTCTGCGGTATGT GAAACACAGTCTGTACCGTCTGCGGAATGT	14356	2	0.9905033238366572	ACTCCGCGAACCCATGCTTCAGTCAGCTGA ACTCCGCGAACCCTTGATGCAGTCTGCGGA	2	0.9971509971509972	GGAAAGGTTATGGCTGTAGTTGTGACCA GGAAAGGTTATGGCTGTAGTTGTGATCA	{14328} {14328}
3.9571942636811994	28138	28226	88	28138	2	0.9905033238366572	TATTGTAGGCTTGATGTGGCTTAGCTACTT TCTTGTAGGCTTGATGTGGCTCAGCTACTT	28196	2	0.99667616334283	ACCCGCTCAATGTGGTCATTCAACCCAGAA ACGCGTTCCATGTGGTCATTCAATCCAGAA	2	0.9924026590693258	CATTGCTTCTTTCAGACTGTTTGCGCGT CGTTGCTTCCTTCAGGCTGTTTGCTCGT	{28168} {28168}
3.9604324226839718	30821	30921	100	30821	2	0.99002849002849	AAGGCGTTCCAATTAACACCAATAGCAGTC AGGGCGTTCCAATCAACACCAATAGTGGTC	30891	2	1.0	AATTCGTGGTGGTGACGGTAAAATGAAAGA AGTTCGTGGTGGTGACGGCAAAATGAAAGA	1	0.9985754985754985	ACCAAATTGGCTACTACCGAAGAGCTAC	{30857}
3.9684433771173464	28282	28371	89	28282	2	0.9943019943019943	AGAAAGTGAACTCGTAATCGGAGCTGTGAT GGAAAGTGAACTTGTCATTGGTGCTGTGAT	28341	2	0.9905033238366572	ACCATCTAGGACGCTGTGACATCAAGGACC ACTCCCTAGGGCGCTGTGACATTAAGGACC	2	0.9962013295346629	CATTCGTGGTCACTTGCGAATGGCCGGA CTTCGTGGACATCTTCGTATTGCTGGAC	{28312} {28313}
3.9684433771173464	28386	28475	89	28386	2	0.99667616334283	CGGTGGCTACATCACGAACGCTTTCTTATT CTGTTGCTACATCACGAACGCTTTCTTATT	28445	2	0.9976258309591642	ACTGATTCAGGTTTTGCTGCATACAACCGC GGTGACTCAGGTTTTGCTGCATACAGTCGC	2	0.9990503323836657	ACAAATTGGGAGCTTCGCAGCGTGTAGC CAAATTAGGAGCTTCGCAGCGTGTAGGC	{28416} {28417}
3.9793110903442126	28221	28311	90	28221	2	0.99335232668566	CAGAAACAAACATTCTTCTCAATGTGCCTC CAGAAACTAACATTCTTCTCAACGTGCCAC	28281	2	0.9943019943019943	TAGAAAGTGAACTCGTAATCGGAGCTGTGA TGGAAAGTGAACTTGTCATTGGTGCTGTGA	2	0.9905033238366572	CATGGCACTATTCTGACCAGACCGCTTC CCGGGGGACAATTGTGACCAGACCGCTC	{28253} {28252}
3.9898224201679637	26560	26651	91	26560	2	0.9905033238366572	TTGCCTCAAGGGTGCATGCTCTTGTGGTTC TTGTCTCAAGGGCTGTTGTTCTTGTGGATC	26621	2	0.9914529914529915	CCAGTGCTCAAAGGAGTCAAATTACATTAC CCAGTTCTCAAGGGTGTCAAATTACATTAC	2	0.9962013295346629	CTGCAAATTTGATGAAGACGACTCTGAG CTGCAAGTTTGATGAGGATGACTCTGAG	{26593} {26593}
4.0	31735	31827	92	31735	2	0.9952516619183286	AAGACTGATGAAGCTCAGCCTTTGCCGCAG AAGGCTGATGAAACTCAAGCCTTACCGCAG	31797	2	0.9938271604938271	TCCTGCGGCTGACATGGATGATTTCTCCAG TCCTGCTGCAGATTTGGATGATTTCTCCAA	2	0.9871794871794872	AGAAGAAGCAGCCCACTGTGACTCTTCT AGACAGAAGAAACAGCAAACTGTGACTC	{31769} {31765}
4.019434243325826	18122	18216	94	18122	2	0.99002849002849	CTGTTGATGCACTATGTGAGAAGGCATTAA CTGTTGATGCCCTATGTGAAAAGGCATTAA	18186	2	0.9914529914529915	ACCTGCACGTGCTCGTGTAGAGTGTTTTGA ACCTGCGCGTGCGCGCGTAGAGTGTTTTGA	2	0.9938271604938271	TGCCCATAGATAAATGTAGTAGGATCAT TTGCCTATAGATAAATGTAGTAGAATTA	{18158} {18157}
4.037757335320482	614	710	96	614	1	0.99002849002849	CAACGAGAAAACACACGTCCAACTCAGTTT	680	3	0.9909781576448243	CTTCGGGGACTCTGTGGAAGAGGCCCTATC CTTTGGAGACTCCGTGGAGGAGGTCTTATC TTTCGGGGATACTGTGGAAGAAGCCCTAGC	2	0.99002849002849	CCTGTTTTACAGGTTCGCGACGTGCTCG TTCAGGTTAGAGACGTGCTAGTGCGTGG	{645} {652}
4.063416373031192	13608	13707	99	13608	3	0.99335232668566	ACAGGATTTGAAATGGGCTAGATTCCCTAA CCAAGATCTCAAATGGGCTAGATTCCCTAA CCAGGACCTCAAGTGGGCTAGATTCCCTAA	13677	1	0.9943019943019943	ACCTTGTAGGTTTGTTACAGACACACCTAA	2	0.9857549857549858	AGTGATGGTACAGGTACAATTTACACAG CTGGTACTATCTATACAGAACTGGAATC	{13639} {13649}
4.079543377117346	13462	13551	89	13462	2	0.9957264957264957	CAGAATAATGAACTGAGTCCAGTAGCACTA CAGAATAATGAGCTTAGTCCTGTTGCACTA	13521	2	0.9947768281101614	ACAAACAGCTTGTACTGATGACAATGCACT ACAAACTGCTTGCACTGATGACAATGCGTT	3	0.9962013295346629	CGACAGATGTCCTGTGCGGCTGGTACCA CGACAGATGTCTTGTGCGGCTGGTACTA GACAGATGTCTTGTGCTGCCGGTACTAC	{13492} {13492} {13493}
4.08717293134144	31190	31292	102	31190	2	0.9957264957264957	ATTCAAGAAATTCAACTCCTGGCAGCAGTA GTTCAAGAAATTCAACTCCAGGCAGCAGTA	31262	2	0.9938271604938271	CTGCCCTCGCGCTATTGCTGCTAGACAGAT CTGCTCTTGCTTTGCTGCTGCTTGACAGAT	2	0.9952516619183286	CCTGCTAGAATGGCTGGCAATGGCGGTG GGGGAAATTCTCCTGCTCGAATGGCTAG	{31231} {31220}
4.109289758004453	16245	16350	105	16245	2	0.9976258309591642	CCAAAATGTGACAGAGCCATGCCTAACATG CCTAAATGTGATAGAGCCATGCCTAACATG	16320	2	0.9928774928774928	TGCTGTAACTTATCACACCGTTTCTACAGG TGTTGTAGCTTGTCACACCGTTTCTATAGA	2	0.9909781576448243	CTTAGAATTATGGCCTCACTTGTTCTTG CTTAGGATAATGGCCTCTCTTGTTCTTG	{16275} {16275}
4.116335466635868	1775	1881	106	1775	2	0.9952516619183286	GAAAACCATTCTTCGTAAGGGTGGTCGCAC TGAAACTCGACTCCGCAAGGGAGGTAGGAC	1851	2	0.9914529914529915	AAGCGTGCCTACTGGGTTCCTCGTGCTAGT AAGTGTGCCTATTGGGTTCCACGTGCTAGC	2	0.9857549857549858	GAGGCTGTGTGTTCTCTTATGTTGGTTG TAGATGTTTTGGAGGCTGTGTGTTTGCC	{1816} {1805}
4.123229642842771	11158	11265	107	11158	3	0.9905033238366572	TCCTAGCTTGTTACAATGGCTCACCATCAG TGTTAGCTTGTTACAATGGTTCACCATCTG TTCTAGCATGCTACAATGGTTCACCATCTG	11235	1	0.9957264957264957	TTCCTTAATGGTTCATGTGGTAGTGTTGGT	2	0.9943019943019943	CCAATGTGCTATGAGGCCCAATTTCACT GTGTTTATCAGTGTGCCATGAGACCTAA	{11195} {11188}
4.123229642842771	12938	13045	107	12938	2	0.99002849002849	AGCAAGCTGTATCAAATGGTGATTCTGAAG AGCAGGCTGTTGCTAATGGTGATTCTGAAG	13015	2	0.9919278252611586	TTTGACCGTGATGCAGCCATGCAACGTAAG TTTGACCGTGATGCTGCCATGCAACGCAAG	2	0.9971509971509972	AAGAAGTTAAAGAAGTCTTTGAATGTGG GAAATCTTTGAATGTGGCTAAATCTGAG	{12976} {12987}
4.129978667660241	11103	11211	108	11103	2	0.9928774928774928	CCTAAGACACCCAAGTATAAATTTGTCCGT CCTAAGACACCTAAGTATAAGTTTGTTCGC	11181	2	0.9905033238366572	CCATCTGGTGTTTACCAATGTGCTATGAGG CCATCTGGTGTTTATCAGTGTGCCATGAGA	2	0.9843304843304843	GGACAGACTTTTTCAGTGTTAGCTTGTT TTTCAGTTCTAGAATGCTACAATGGTTC	{11142} {11152}
4.130534243325826	16337	16465	128	16337	2	0.9957264957264957	CCGTTTCTACAGGTTAGCTAACGAGTGTGC CCGTTTCTATAGATTAGCTAATGAGTGTGC	16435	2	0.9928774928774928	GAGATGCCACAACTGCTTATGCTAATAGTG GTGATGCTACAACTGCTTATGCTAATAGTG	1	0.9947768281101614	TCACTATATGTTAAACCAGGTGGAACAT	{16401}
4.155637705370951	13530	13642	112	13530	2	0.99002849002849	TTGCACTGATGACAATGCGTTAGCTTACTA TTGTACTGATGACAATGCACTTGCCTACTA	13612	2	0.99002849002849	GATCTCAAATGGGCTAGATTCCCTAAGAGT GATTTGAAATGGGCTAGATTCCCTAAGAGT	2	0.9824311490978158	CAACACAACAAAGGGAGGTAGGTTTGTA TAACAATTCGAAGGGAGGTAGGTTTGTG	{13560} {13560}
4.161943513028185	17923	18058	135	17923	3	0.9905033238366572	GTGAGAATTACTGGCTTGTACCCAACACTC GTGCGAATAACTGGCTTATACCCTACACTC GTTAGAATTACTGGCTTATACCCAACACTC	18028	1	0.9924026590693258	GGACCACCTGGTACTGGTAAGAGTCATTTT	1	0.9924026590693258	TCTAATGAGTTTTCTAGCAATGTTGCAA	{17959}
4.1793942636812	12206	12322	116	12206	2	0.9914529914529915	TGCTTTAGATCAAGCCATTTCCATGTGGGC TTCTTTAGACCAAGCTATTTCCATGTGGGC	12292	2	0.99667616334283	TAGCTAGAGCTATAGTGTTTGTGTGTGTTG TGGCCAGAGGTATTGTTTTTATGTGTGTTG	2	0.9947768281101614	CTGTTACTTCTAACTACTCAGGTGTAGT TTATTTCTGTAACTTCTAACTATTCTGG	{12247} {12241}
4.212022420167964	14438	14560	122	14438	1	0.9952516619183286	CCGTGCGGCACAGGCACTAGTACTGATGTC	14530	3	0.9924026590693258	ACTAATTGCTGCCGCTTCCAAGAAAAGGAT ACTAATTGCTGTCGCTTCCAGGAGAAGGAT ACTAATTGTTGTCGCTTCCAAGAAAAGGAC	2	0.99667616334283	AACGAAAAAAGTGCTGGTTTTGCAAAGT AATGATAAAGTAGCTGGTTTTGCTAAAT	{14494} {14494}
4.2171515990016815	1563	1686	123	1563	2	0.99002849002849	AATCATTGCGATGAAGTTTCATGGCAGACG GATCATTGTGGTGAAACTTCATGGCAGACG	1656	2	0.9943019943019943	ACTACATGTGGGTACCTACCTACTAATGCT ACTACTTGTGGTTACTTACCCCAAAATGCT	2	0.9957264957264957	GCGATTTTGTTAAAGCCACTTGCGAATT TGCGACTTTCTGAAAGCCACTTGTGAAC	{1594} {1593}
4.220389758004454	12999	13149	150	12999	1	0.9914529914529915	TGTGGCTAAATCTGAATTTGACCGTGATGC	13119	3	0.9962013295346629	AACTAGTGCAATGCAAACGATGCTTTTCAC AACTAGTGCTATGCAAACAATGCTCTTCAC TACTAGTGCTATGCAGACAATGCTTTTCAC	1	0.9995251661918328	GCAAGATCTGAAGACAAGAGGGCAAAAG	{13090}
4.227435466635868	28306	28458	152	28306	2	0.9952516619183286	TGTGATCATTCGTGGTCACTTGCGAATGGC TGTGATCCTTCGTGGACATCTTCGTATTGC	28428	2	0.9962013295346629	CGTCGCAGCGTGTAGGCACTGATTCAGGTT CTTCGCAGCGTGTAGCAGGTGACTCAGGTT	1	0.9990503323836657	CGAACGCTTTCTTATTACAAATTGGGAG	{28400}
4.2309010878282045	29380	29533	153	29380	2	0.9924026590693258	CAAGAGTGTGTTAGAGGTACAACAGTACTT CAGGAGTGTGTTAGAGGTACGACTGTACTA	29503	2	0.9909781576448243	CAATTTGCTTTTGCTTGTCCTGACGGCGTA CACTTTGCTTTTGCTTGTGCTGACGGTACT	1	0.9924026590693258	TCTGGAACATACGAGGGCAATTCACCAT	{29428}
4.246314134296109	965	1094	129	965	2	0.9957264957264957	GAACGGTAATAAAGGAGCTGGTGGCCATAG GAACGGTAATAAGGGAGCCGGTGGTCATAG	1064	2	0.9909781576448243	ACAAAACTGGAACACTAAGCATGGCAGTGG AGAAAACTGGAACACTAAACATAGCAGTGG	2	0.9924026590693258	AGTCATTTGACTTAGGCGACGAGCTTGG GTCTTATGACTTAGGTGACGAGCTTGGC	{1012} {1013}
4.250926686365172	26370	26500	130	26370	1	0.9919278252611586	TCAAAAAGAAATTGACCGCCTCAATGAGGT	26470	3	0.9905033238366572	CCATGGTACATTTGGCTAGGTTTTATAGCT CCTTGGTATGTCTGGCTTGGCTTTATAGCA CCTTGGTATGTTTGGCTCGGCTTCATTGCT	2	0.9772079772079773	GAATTGGGAAAATATGAGCAATATATTA TCCAAGAACTTGGAAAGTATGAGCAGTA	{26437} {26432}
4.254164845367944	14400	14560	160	14400	1	0.9990503323836657	TTAAACGGGTTTGCGGTGTAAGTGCAGCCC	14530	3	0.9924026590693258	ACTAATTGCTGCCGCTTCCAAGAAAAGGAT ACTAATTGCTGTCGCTTCCAGGAGAAGGAT ACTAATTGTTGTCGCTTCCAAGAAAAGGAC	1	0.9990503323836657	GTCTTACACCGTGCGGCACAGGCACTAG	{14430}
4.25547380995394	14046	14177	131	14046	2	0.9905033238366572	TTACCTAGCAAGTGGAGGACAACCAATCAC TTATCTAGCTAGTGGGGGACAACCAATCAC	14147	2	0.9952516619183286	ATGGACCAAGAGTCCTTTGGTGGTGCTTCA ATGGATCAAGAATCCTTTGGTGGTGCATCG	2	0.9876543209876543	CTGGTATTGGTCAGGCAATAACAGTTAC TACTGGTACAGGACAGGCAATTACCGTA	{14106} {14104}
4.259957335320482	27926	28058	132	27926	2	0.9905033238366572	CTCCTGGAACAATGGAATCTAGTAATAGGT CTCCTTGAACAATGGAACCTAGTAATAGGT	28028	2	0.9938271604938271	AAGCTTGTTTTCCTCTGGCTCTTGTGGCCA AAGTTAATTTTCCTCTGGCTGTTATGGCCA	2	0.9938271604938271	TAGCCTGGATTATGTTACTACAATTTGC TTCCTATTCCTTACATGGATTTGTCTTC	{27966} {27956}
4.260512910986066	30660	30822	162	30660	2	0.99002849002849	ATTTGGTGGACCCACAGATTCAACTGACAA GTTTGGTGGACCCTCAGATTCAACTGGCAG	30792	2	0.9919278252611586	CAAGGAAGACCTTAAATTCCCTCGAGGACA CAAGGAGGAACTTAGATTCCCTCGAGGCCA	1	0.9976258309591642	GCCCCAAGGTTTACCCAATAATACTGCG	{30735}
4.263640417140111	12132	12295	163	12132	2	0.9909781576448243	TATGATGATGCTGCTAGACGTGTTTGGACA TATGATGATGGTGCTAGGAGAGTGTGGACA	12265	2	0.99002849002849	CAGGTGTAGTTACAACTGTCATGTTTTTGG CTGGTGTCGTTACGACTATCATGTTTTTAG	1	0.9876543209876543	ATGGTAATGCTTTAGATCAAGCCATTTC	{12199}
4.264379016983139	11333	11466	133	11333	2	0.9928774928774928	CGCTGGTACTGACTTAGAAGGTAAATTCTA TGCTGGCACAGACTTAGAAGGTAACTTTTA	11436	2	0.99002849002849	TGGCTGTATGCTGCTGTTATCAATGGTGAT TGGTTGTACGCTGCTGTTATAAATGGAGAC	2	0.9862298195631529	TCTTTTGTTGACAGGCAAACAGCACAAG TGGTCCATTTGTTGACAGACAAACTGCA	{11367} {11363}
4.273043513028185	19018	19153	135	19018	2	0.9905033238366572	CTGTAGTAAGATCATTACTGGTCTTCATCC TTGTAGTAAGGTAATCACTGGGTTACATCC	19123	2	0.9909781576448243	ACCAAAGGACATGACCTACCGTAGACTCAT ACCTAAGGACATGACCTATAGAAGACTCAT	2	0.9862298195631529	AAGGATTATGTGTTGACATACCAGGCAT ACTAAATTCAAAACTGAAGGTTTATGTG	{19095} {19079}
4.275853964378335	13065	13232	167	13065	2	0.9905033238366572	AGCTATGACCCAAATGTATAAACAGGCTAG GGCTATGACCCAAATGTACAAACAGGCAAG	13202	2	0.99667616334283	GAGATGGTTGTGTTCCCTTGAACATAATAC GTGATGGTTGTGTTCCACTCAACATCATAC	1	0.9886039886039886	ATCTGAGGACAAGAGGGCAAAAGTTACT	{13095}
4.275853964378335	17633	17800	167	17633	3	0.9943019943019943	GTATTGCCACTGTACGCGAAGTACTCTCTG GTATTGCCACTGTTCGTGAAGTACTGTCAG GTATTGCTACTGTACGTGAAGTGCTGTCTG	17770	1	0.9928774928774928	GGAGAGTACACCTTTGAAAAAGGTGACTAT	1	0.9876543209876543	ACAGAGAATTACATCTTTCATGGGAAGT	{17663}
4.285516373031191	28399	28615	216	28399	1	0.99667616334283	ACGAACGCTTTCTTATTACAAATTGGGAGC	28585	2	0.9990503323836657	GATGTTTCATCTCGTTGACTTTCAGGTTAC GATGTTTCATCTTGTTGACTTCCAGGTTAC	6	1.0	CAGCGTGTAGGCACTGATTCAGGTTTTG CTGCATACAGTCGCTACAGGATTGGCAA GTCGGTAGCAACGACAATATTGCTTTGC TCCAGTAGCAGTGACAATATTGCTTTGC TTCAGGTAGCAACGACAATATTGCTTTG TTGCTGCATACAACCGCTACCGTATTGG	{28433} {28461} {28511} {28511} {28510} {28458}
4.285616373031192	26261	26399	138	26261	3	0.99002849002849	CTGAACTTGACTCGTTTAAGGAAGAGCTGG CTGAATTAGACTCATTCAAGGAGGAGTTAG CTGAGCTTGACTCATTCAAAGAAGAGCTGG	26369	1	0.9919278252611586	TTCAAAAAGAAATTGACCGCCTCAATGAGG	2	0.9947768281101614	CAGATGTTGATCTTGGCGACATTTCAGG GATGTTGATTTAGGTGACATCTCTGGCA	{26318} {26320}
4.296168161147406	15827	16001	174	15827	1	0.9938271604938271	TGATTGTTACGATGGTGGCTGTATTAATGC	15971	3	0.9928774928774928	CGCATACACTAAGCGTAATGTCATCCCTAC CGCATATACAAAACGTAATGTCATCCCTAC CGCGTATACTAAGCGTAATGTCATCCCTAC	1	0.9852801519468186	AATGAGTTATGAGGATCAAGATGTACTT	{15941}
4.29896788931984	15347	15522	175	15347	2	0.9905033238366572	GTTCCCACCTACAAGTTTTGGACCACTAGT GTTTCCACCTACGAGTTTTGGACCACTAGT	15492	2	0.9909781576448243	AAGGAACTTTTAGTGTATGCTGCTGATCCA AAGGAATTACTTGTGTATGCTGCTGACCCT	1	0.99667616334283	TACATAATCAGGATGTAAACTTACATAG	{15448}
4.301648055426138	6740	6882	142	6740	3	0.99335232668566	ACGTTGTCTGTGGAGTACAAAACCGGTTGA ACGTTGTCTTTGGAGCACAAAACCAGTTGA ACGTTGTCTTTGGAGTACAAAGCCAGTAGA	6852	1	0.9957264957264957	CTCTGAAGAAGTAGTGGAAAATCCTACCAT	2	0.9924026590693258	CTGGCAGTAGAAGACACACAAGGAATGG TGAAGTCAGAGGACGCGCAGGGAATGGA	{6792} {6793}
4.301648055426138	12011	12153	142	12011	2	0.99002849002849	GATGCGTATCATGACATGGCTTGAATTGGC GATGCGTATTATGACATGGTTGGATATGGT	12123	2	0.9909781576448243	AGAACTGTGTATGATGATGGTGCTAGGAGA CGCACTGTTTATGATGATGCTGCTAGACGT	2	0.9848053181386515	GATTGTGTTATGTATGCTTCAGCTTTAG TGTCTGGTTTTAAGCTAAAAGACTGTGT	{12072} {12052}
4.305533761645287	1450	1593	143	1450	2	0.9928774928774928	CAAGGGTTGAAAAGAAAAAGCTTGATGGCT CACGTGTTGAAAAGAAAAAGACTGAGGGTT	1563	2	0.99002849002849	AATCATTGCGATGAAGTTTCATGGCAGACG GATCATTGTGGTGAAACTTCATGGCAGACG	2	0.98338081671415	CATCAAATGAATGCAACCAAATGTGCCT TGGGGCGTATACGCTCTGTGTACCCTGT	{1516} {1483}
4.3072232855682016	18186	18364	178	18186	2	0.9914529914529915	ACCTGCACGTGCTCGTGTAGAGTGTTTTGA ACCTGCGCGTGCGCGCGTAGAGTGTTTTGA	18334	2	0.9905033238366572	TTGAGTGTTGTCAATGCCAGATTACGTGCT TTGAGTGTTGTCAATGCTAGACTTCGTGCA	1	0.99335232668566	AGTGAATTCAACATTAGAACAGTATGTC	{18225}
4.30937293134144	7892	8036	144	7892	2	0.9909781576448243	ATGGAAAAGTTATGTGCATGTTGTAGACGG ATGGAAGAGCTATGTTCATATCATGGATGG	8006	2	0.9924026590693258	AAGGTCCTTTTATGTCTATGCTAATGGAGG GAGATCTTTCTATGTCTATGCAAATGGAGG	2	0.9895536562203229	GTATGATGTGTTACAAACGTAATAGAGC TCGACTTGCATGATGTGCTATAAGCGCA	{7939} {7932}
4.313166666009797	15435	15580	145	15435	2	0.9981006647673314	GAGCTAGGTGTTGTACATAATCAGGATGTA GAGTTAGGAGTCGTACATAATCAGGATGTA	15550	2	0.9909781576448243	TACTAGATAAACGCACTACGTGCTTTTCAG TGCTAGATAAACGCACTACATGCTTTTCAG	2	0.9890788224121557	TAGACTTAGTTTTAAGGAATTACTTGTG TTACATAGCTCGCGTCTCAGTTTCAAGG	{15479} {15468}
4.3169160284948065	28221	28367	146	28221	2	0.99335232668566	CAGAAACAAACATTCTTCTCAATGTGCCTC CAGAAACTAACATTCTTCTCAACGTGCCAC	28337	2	0.9909781576448243	GGACACCATCTAGGACGCTGTGACATCAAG GGACACTCCCTAGGGCGCTGTGACATTAAG	2	0.9905033238366572	CATGGCACTATTCTGACCAGACCGCTTC CCGGGGGACAATTGTGACCAGACCGCTC	{28253} {28252}
4.317909836406473	28306	28488	182	28306	2	0.9952516619183286	TGTGATCATTCGTGGTCACTTGCGAATGGC TGTGATCCTTCGTGGACATCTTCGTATTGC	28458	2	0.9947768281101614	TTGCTGCATACAACCGCTACCGTATTGGAA TTGCTGCATACAGTCGCTACAGGATTGGCA	1	0.9990503323836657	CGAACGCTTTCTTATTACAAATTGGGAG	{28400}
4.320526723086379	911	1094	183	911	2	0.9914529914529915	CGTGCCACATGTGGGCGAAACCCCAATTGC TGTCCCTCATGTGGGCGAAATACCAGTGGC	1064	2	0.9909781576448243	ACAAAACTGGAACACTAAGCATGGCAGTGG AGAAAACTGGAACACTAAACATAGCAGTGG	1	0.9857549857549858	CGCAAGGTTCTTCTTCGTAAGAACGGTA	{945}
4.320622044777587	12938	13085	147	12938	2	0.99002849002849	AGCAAGCTGTATCAAATGGTGATTCTGAAG AGCAGGCTGTTGCTAATGGTGATTCTGAAG	13055	2	0.9976258309591642	TGGCAGATCAGGCTATGACCCAAATGTACA TGGCTGATCAAGCTATGACCCAAATGTATA	2	0.9971509971509972	AGTTGAAGAAGTCTTTGAATGTGGCTAA GAAATCTTTGAATGTGGCTAAATCTGAG	{12980} {12987}
4.323122420167964	17789	17911	122	17789	2	0.9957264957264957	AAGGTGACTATGGTGATGCTGTTGTGTACA AAGGTGACTATGGTGATGCTGTTGTTTACC	17881	2	0.9909781576448243	ATGCCACTTAGTGCACCTACTCTAGTGCCA ATGCCATTAAGTGCACCTACACTAGTGCCA	3	0.9952516619183286	GAGGTACAACAACTTATAAATTAAATGT GAGGTACTACGACATACAAGTTGAATGT TGAATGTTGGTGATTACTTTGTGTTAAC	{17819} {17819} {17840}
4.324285705661207	19850	19998	148	19850	2	0.9909781576448243	AAGCGCGTTGATTGGTCTGTTGAATACCCT AAGCGTGTTGACTGGACTATTGAATATCCT	19968	2	0.9909781576448243	CAGTTCTTCACGACATTGGTAACCCTAAAG CAGTTCTTCATGACATTGGAAATCCAAAGG	2	0.9914529914529915	AGAAAAGTACAACACATGGTTGTGAAGT TGGTGATGAACTGAAGATTAATGCGGCT	{19916} {19885}
4.331489758004453	13204	13354	150	13204	2	0.9962013295346629	GATGGTTGTGTTCCACTCAACATCATACCA GATGGTTGTGTTCCCTTGAACATAATACCT	13324	2	0.9909781576448243	GCACTCTGGGAAATCCAGCAAGTTGTTGAT GCATTGTGGGAAATCCAACAGGTTGTAGAT	2	0.9943019943019943	TAATGGTTGTCATACCAGACTATAACAC TACAGCAGCCAAACTCATGGTTGTTGTC	{13253} {13239}
4.3333	28354	28542	188	28354	2	0.9952516619183286	CTGTGACATCAAGGACCTGCCTAAAGAAAT CTGTGACATTAAGGACCTGCCAAAAGAGAT	28512	2	0.9995251661918328	CCAGTAGCAGTGACAATATTGCTTTGCTTG CCGGTAGCAACGACAATATTGCTTTGCTAG	1	0.9990503323836657	CGAACGCTTTCTTATTACAAATTGGGAG	{28400}
4.33503196905215	16247	16398	151	16247	2	0.9976258309591642	AAAATGTGACAGAGCCATGCCTAACATGCT TAAATGTGATAGAGCCATGCCTAACATGCT	16368	2	0.9919278252611586	CAAGTATTAAGTGAGATGGTCATGTGTGGC CAAGTATTGAGTGAAATGGTCATGTGTGGC	2	0.9976258309591642	GTTGTAGCTTGTCACACCGTTTCTATAG TAGGATAATGGCCTCTCTTGTTCTTGCT	{16321} {16277}
4.345429642842771	11237	11391	154	11237	1	0.9957264957264957	CCTTAATGGTTCATGTGGTAGTGTTGGTTT	11361	3	0.99002849002849	TACGGACCTTTTGTTGACAGACAGACAGCT TATGGACCTTTTGTTGACAGGCAAACAGCA TATGGTCCATTTGTTGACAGACAAACTGCA	2	0.9943019943019943	ACATTGATTATGATTGCGTGTCTTTCTG GACTGTGTCTCTTTTTGTTACATGCACC	{11269} {11280}
4.345583757168365	737	930	193	737	2	0.9909781576448243	CACTTGTGGCTTAGTAGAAGTTGAAAAAGG CACTTGTGGTCTAGTAGAGCTGGAAAAAGG	900	2	0.99002849002849	CTGGGAGTACTCGTGCCACATGTGGGCGAA CTTGGTGTCCTTGTCCCTCATGTGGGCGAA	1	0.9895536562203229	TCAACTTGAACAGCCCTATGTGTTCATC	{776}
4.352178667660241	28386	28542	156	28386	2	0.99667616334283	CGGTGGCTACATCACGAACGCTTTCTTATT CTGTTGCTACATCACGAACGCTTTCTTATT	28512	2	0.9995251661918328	CCAGTAGCAGTGACAATATTGCTTTGCTTG CCGGTAGCAACGACAATATTGCTTTGCTAG	2	0.9990503323836657	ACAAATTGGGAGCTTCGCAGCGTGTAGC CAAATTAGGAGCTTCGCAGCGTGTAGGC	{28416} {28417}
4.364308310503012	29380	29581	201	29380	2	0.9924026590693258	CAAGAGTGTGTTAGAGGTACAACAGTACTT CAGGAGTGTGTTAGAGGTACGACTGTACTA	29551	2	0.9962013295346629	CGTGCAAGATCAGTTTCACCAAAACTTTTC CGTGCCAGATCAGTTTCACCTAAACTGTTC	1	0.9924026590693258	TCTGGAACATACGAGGGCAATTCACCAT	{29428}
4.368454591467448	13439	13600	161	13439	2	0.9928774928774928	GAGCCAACTCAGCTGTTAAACTACAGAATA GGGCCAATTCTGCTGTCAAATTACAGAATA	13570	2	0.9928774928774928	AAGGGAGGTAGGTTTGTACTTGCACTGTTA AAGGGAGGTAGGTTTGTGCTGGCATTACTA	2	0.9971509971509972	CCAGTAGCACTACGACAGATGTCCTGTG GTCCTGTTGCACTACGACAGATGTCTTG	{13480} {13478}
4.371612910986066	27926	28088	162	27926	2	0.9905033238366572	CTCCTGGAACAATGGAATCTAGTAATAGGT CTCCTTGAACAATGGAACCTAGTAATAGGT	28058	2	0.99667616334283	GTAACACTTGCTTGTTTTGTGCTTGCTGCT GTAACTTTAGCTTGTTTTGTGCTTGCTGCT	2	0.9938271604938271	TAGCCTGGATTATGTTACTACAATTTGC TTCCTATTCCTTACATGGATTTGTCTTC	{27966} {27956}
4.373275799801319	13065	13270	205	13065	2	0.9905033238366572	AGCTATGACCCAAATGTATAAACAGGCTAG GGCTATGACCCAAATGTACAAACAGGCAAG	13240	2	0.9928774928774928	ACAGCAGCCAAACTAATGGTTGTCATACCA ACAGCAGCCAAACTCATGGTTGTTGTCCCT	1	0.9886039886039886	ATCTGAGGACAAGAGGGCAAAAGTTACT	{13095}
4.37547901698314	1276	1409	133	1276	1	0.99002849002849	ACTGCTGCCGTGAACATGAGCATGAAATTG	1379	3	0.9905033238366572	ATTTGACACCTTCAATGGGGAATGTCCAAA ATTTGACACCTTTAAAGGGGAATGCCCGAA ATTTGACACTTTCAAAGGGGAATGCCCAAA	3	0.9871794871794872	CTGGTTCACTGAGCGCTCTGATAAGAGC CTTGGTACACTGAGCGCTCAGACAAGAG GGAACGTTCTGAAAAGAGCTATGAATTG	{1307} {1306} {1316}
4.3778377053709505	14046	14210	164	14046	2	0.9905033238366572	TTACCTAGCAAGTGGAGGACAACCAATCAC TTATCTAGCTAGTGGGGGACAACCAATCAC	14180	2	0.9938271604938271	TGTCTGTACTGCCGTTGCCACATAGATCAT TGTCTGTATTGTAGATGCCACATTGACCAT	2	0.9876543209876543	AACAGTTACACCGGAAGCCAATATGGAT GATGTTGTGTACACACACTGGTACAGGA	{14125} {14089}
4.3862735330780325	26127	26338	211	26127	2	0.9947768281101614	TGGCACACACTGGTTTGTAACACAAAGGAA TGGCACTTCTTGGTTTATTACACAGAGGAA	26308	2	0.9919278252611586	CATACATCACCAGATGTTGATCTTGGCGAC CATACATCACCAGATGTTGATTTAGGTGAC	1	0.98338081671415	CACAGTTTATGATCCTTTGCAACCTGAA	{26238}
4.392579969342408	29444	29581	137	29444	2	0.99335232668566	GCAATTCACCATTTCACCCTCTTGCTGACA GCAATTCACCATTTCATCCTCTAGCTGATA	29551	2	0.9962013295346629	CGTGCAAGATCAGTTTCACCAAAACTTTTC CGTGCCAGATCAGTTTCACCTAAACTGTTC	3	0.9943019943019943	CACTTGCTTGCTCAAGCCAACAATTTGC CTGACTTGCTTTAGCACTCAATTTGCTT CTTTTGCTTGTGCTGACGGTACTCGACA	{29483} {29485} {29510}
4.392890556965432	13473	13642	169	13473	2	0.9962013295346629	ACTGAGTCCAGTAGCACTACGACAGATGTC GCTTAGTCCTGTTGCACTACGACAGATGTC	13612	2	0.99002849002849	GATCTCAAATGGGCTAGATTCCCTAAGAGT GATTTGAAATGGGCTAGATTCCCTAAGAGT	2	0.9848053181386515	ACTATAACAATTCGAAGGGAGGTAGGTT TACTACAACACAACAAAGGGAGGTAGGT	{13556} {13555}
4.398719205502993	12294	12465	171	12294	2	0.99667616334283	GCCAGAGGTATTGTTTTTATGTGTGTTGAG GCTAGAGCTATAGTGTTTGTGTGTGTTGAG	12435	2	0.99002849002849	CCGCTACTTTAGACTGACTCTTGGTGTTTA CCGTTACTTCAGGCTTACTCTTGGTGTTTA	2	0.9843304843304843	CCTATTTTCTTCATAACTGGTAATACAC TCCATTGTTATTTATTACTGGCAACACC	{12330} {12329}
4.4008000822449524	27675	27893	218	27675	1	0.9952516619183286	TCTTGCTAGTTACACTAGCCATCCTTACTG	27863	3	0.99335232668566	GGAACTTTAACATTGCTTATCATGGCAGAC GGAACTTTAACATTGCTTATCATGGCTGAG GGAACTTTAATTTTAGCCATGGCAGATTCC	1	0.9995251661918328	CGCTTCGATTGTGTGCGTACTGCTGCAA	{27705}
4.4015942636812	27721	27893	172	27721	1	0.9971509971509972	GTACTGCTGCAATATTGTTAACGTGAGTCT	27863	3	0.99335232668566	GGAACTTTAACATTGCTTATCATGGCAGAC GGAACTTTAACATTGCTTATCATGGCTGAG GGAACTTTAATTTTAGCCATGGCAGATTCC	2	0.9881291547958214	AACCTTCTTTTTACGTTTACTCTCGTGT ACGGTTTACGTCTACTCGCGTGTTAAAA	{27756} {27761}
4.406829730317068	11447	11668	221	11447	2	0.99002849002849	TGCTGTTATAAATGGAGACAGGTGGTTTCT TGCTGTTATCAATGGTGATAGGTGGTTTCT	11638	2	0.9957264957264957	AAATGGTATGAATGGACGTACCATATTGGG GAATGGTATGAATGGTCGTACTATCCTTGG	1	0.9876543209876543	TTGACATACTAGGACCTCTTTCTGCTCA	{11559}
4.406829730317068	14339	14560	221	14339	1	0.9976258309591642	GGCTGTAGTTGTGATCAACTCCGCGAACCC	14530	3	0.9924026590693258	ACTAATTGCTGCCGCTTCCAAGAAAAGGAT ACTAATTGCTGTCGCTTCCAGGAGAAGGAT ACTAATTGTTGTCGCTTCCAAGAAAAGGAC	1	0.9990503323836657	GTCTTACACCGTGCGGCACAGGCACTAG	{14430}
4.41006788931984	27307	27482	175	27307	3	0.9928774928774928	GCTGTACTCAACTCAATTGAGTACAGACAC GCTTGAATCGACTCAATTGTCGACTGATAC GCTTGAGTCTACACAAATTACTACAGACAC	27452	1	0.9909781576448243	CCAATTTATGATGAACCGACGACGACTACT	2	0.9943019943019943	GAGCCTGAAGAACATGTCCAAATTCACA GGTATTGAAAATGCTACATTCTTCATCT	{27383} {27338}
4.410787395870146	13326	13549	223	13326	2	0.9909781576448243	ACTCTGGGAAATCCAGCAAGTTGTTGATGC ATTGTGGGAAATCCAACAGGTTGTAGATGC	13519	2	0.9952516619183286	ACACAAACAGCTTGTACTGATGACAATGCA ACACAAACTGCTTGCACTGATGACAATGCG	1	0.9848053181386515	CTCTTATTGTTACAGCTCTAAGGGCCAA	{13418}
4.412843377117347	28597	28773	176	28597	2	0.9990503323836657	CGTTGACTTTCAGGTTACTATAGCAGAGAT TGTTGACTTCCAGGTTACAATAGCAGAGAT	28743	2	0.9924026590693258	TCGGAGTTAGATGATGAAGAACCTATGGAG TCTCAATTAGATGAAGAGCAACCAATGGAG	2	0.9957264957264957	GAGACAATTATTTAAGCCTCTAACTAAG TGAGGACTTTTAAAGTTTCCATTTGGAA	{28706} {28641}
4.418323285568201	16172	16350	178	16172	2	0.9928774928774928	CGGTGGCTGGCATAATATGTTAAAAACTGT TGGTGGTTGGCACAACATGTTAAAAACTGT	16320	2	0.9928774928774928	TGCTGTAACTTATCACACCGTTTCTACAGG TGTTGTAGCTTGTCACACCGTTTCTATAGA	2	0.9914529914529915	AACATGCTTAGGATAATGGCCTCTCTTG CTTAGAATTATGGCCTCACTTGTTCTTG	{16269} {16275}
4.418323285568201	17788	17966	178	17788	1	0.9924026590693258	AAAGGTGACTATGGTGATGCTGTTGTTTAC	17936	3	0.9905033238366572	GCTTATACCCAACACTCAATATCTCAGATG GCTTATACCCTACACTCAACATCTCTGATG GCTTGTACCCAACACTCAACATCTCAGATG	2	0.9786324786324786	AGAGGTACTACGACATACAAGTTGAATG CGAGGTATAACAACTTACAAATTAAATG	{17818} {17818}
4.418323285568201	18975	19153	178	18975	2	0.9919278252611586	GGCAACTTTACAAGCTGAAAATGTAACAGG GGCTACATTACAAGCAGAAAATGTAACTGG	19123	2	0.9909781576448243	ACCAAAGGACATGACCTACCGTAGACTCAT ACCTAAGGACATGACCTATAGAAGACTCAT	2	0.9862298195631529	AAGGATTATGTGTTGACATACCAGGCAT ACTAAATTCAAAACTGAAGGTTTATGTG	{19095} {19079}
4.418559093787735	14400	14627	227	14400	1	0.9990503323836657	TTAAACGGGTTTGCGGTGTAAGTGCAGCCC	14597	3	0.9909781576448243	AGAGACACACTTTCTCTAACTACCAACATG AGAGGCACACAATGTCCAACTACCAACATG AGAGGCATACTATGTCTAACTACCAACATG	1	0.9990503323836657	GTCTTACACCGTGCGGCACAGGCACTAG	{14430}
4.421028507007025	31616	31795	179	31616	2	0.9952516619183286	GAGCCATTAAATTGGATGACAAAGATCCAC GTGCCATCAAATTGGATGACAAAGATCCAA	31765	2	0.9914529914529915	AGACAAAAGAAGCAGCCCACTGTGACTCTT AGACAGAAGAAACAGCAAACTGTGACTCTT	2	0.99667616334283	AAAAAGACTGATGAAGCTCAGCCTTTGC CTGAATAAGCATATTGACGCATACAAAA	{31732} {31669}
4.424266666009798	785	930	145	785	2	0.9905033238366572	ACAGCCCTATGTGTTCATCAAACGTTCGGA ACAGCCCTATGTGTTCATTAAACGTTCTGA	900	2	0.99002849002849	CTGGGAGTACTCGTGCCACATGTGGGCGAA CTTGGTGTCCTTGTCCCTCATGTGGGCGAA	3	0.9795821462488129	CTGGTTGCAGAAATGGACGGCATTCAGT GCTGGTAGCAGAACTCGAAGGCATTCAG GCTGGTTGCAGAATTGGACGGCATTCAG	{852} {851} {851}
4.4298743921808805	15347	15580	233	15347	2	0.9905033238366572	GTTCCCACCTACAAGTTTTGGACCACTAGT GTTTCCACCTACGAGTTTTGGACCACTAGT	15550	2	0.9909781576448243	TACTAGATAAACGCACTACGTGCTTTTCAG TGCTAGATAAACGCACTACATGCTTTTCAG	1	0.99667616334283	TACATAATCAGGATGTAAACTTACATAG	{15448}
4.433559109049144	14046	14281	235	14046	2	0.9905033238366572	TTACCTAGCAAGTGGAGGACAACCAATCAC TTATCTAGCTAGTGGGGGACAACCAATCAC	14251	2	0.9947768281101614	ACAAATACCTACAACTTGTGCTAATGACCC CCAAATACCTACCACTTGTGCTAATGACCC	1	0.9976258309591642	TAAAGGATTTTGTGACTTAAAAGGTAAG	{14218}
4.434222420167964	15494	15678	184	15494	2	0.9909781576448243	GGAACTTTTAGTGTATGCTGCTGATCCAGC GGAATTACTTGTGTATGCTGCTGACCCTGC	15648	2	0.99335232668566	GACTTTGCTGTGTCTAAAGGCTTCTTTAAG GACTTTGCTGTGTCTAAGGGTTTCTTTAAG	2	0.9895536562203229	TGCGCTAACAAATAATGTTGCTTTTCAA TGGTAATCTATTGCTAGATAAACGCACT	{15584} {15539}
4.435385705661208	28306	28542	236	28306	2	0.9952516619183286	TGTGATCATTCGTGGTCACTTGCGAATGGC TGTGATCCTTCGTGGACATCTTCGTATTGC	28512	2	0.9995251661918328	CCAGTAGCAGTGACAATATTGCTTTGCTTG CCGGTAGCAACGACAATATTGCTTTGCTAG	1	0.9990503323836657	CGAACGCTTTCTTATTACAAATTGGGAG	{28400}
4.436797268051916	1450	1635	185	1450	2	0.9928774928774928	CAAGGGTTGAAAAGAAAAAGCTTGATGGCT CACGTGTTGAAAAGAAAAAGACTGAGGGTT	1605	2	0.9943019943019943	AAAGCCACTTGCGAATTTTGTGGCACTGAG AAAGCCACTTGTGAACATTGTGGCACTGAA	2	0.9924026590693258	ATGAAATGTAATCATTGCGATGAAGTTT TGGTGAAACTTCATGGCAGACGGGCGAT	{1554} {1571}
4.439007968360734	17802	18040	238	17802	2	0.99335232668566	TGATGCTGTTGTGTACAGAGGTACTACGAC TGATGCTGTTGTTTACCGAGGTACAACAAC	18010	2	0.99002849002849	AAGTACTCTACACTCCAAGGACCACCTGGT AAGTATTCTACACTCCAGGGACCACCTGGT	1	0.98338081671415	ACCCAACACTCAATATCTCAGATGAGTT	{17942}
4.439007968360734	28221	28459	238	28221	2	0.99335232668566	CAGAAACAAACATTCTTCTCAATGTGCCTC CAGAAACTAACATTCTTCTCAACGTGCCAC	28429	2	0.9962013295346629	GTCGCAGCGTGTAGGCACTGATTCAGGTTT TTCGCAGCGTGTAGCAGGTGACTCAGGTTT	1	0.9990503323836657	CGAACGCTTTCTTATTACAAATTGGGAG	{28400}
4.441885737400775	12938	13125	187	12938	2	0.99002849002849	AGCAAGCTGTATCAAATGGTGATTCTGAAG AGCAGGCTGTTGCTAATGGTGATTCTGAAG	13095	2	0.9952516619183286	ATCTGAAGACAAGCGGGCAAAAGTAACTAG ATCTGAGGACAAGAGGGCAAAAGTTACTAG	2	0.9971509971509972	AAGAAGTTAAAGAAGTCTTTGAATGTGG GAAATCTTTGAATGTGGCTAAATCTGAG	{12976} {12987}
4.446131969052151	18122	18364	242	18122	2	0.99002849002849	CTGTTGATGCACTATGTGAGAAGGCATTAA CTGTTGATGCCCTATGTGAAAAGGCATTAA	18334	2	0.9905033238366572	TTGAGTGTTGTCAATGCCAGATTACGTGCT TTGAGTGTTGTCAATGCTAGACTTCGTGCA	1	0.9886039886039886	TTTGATAAATTCAAAGTGAATTCAACAT	{18211}
4.446894696155047	9378	9567	189	9378	2	0.99002849002849	CATGGTTTAGCCAGCGTGGTGGTAGTTATA CATGGTTTAGCCAGCGTGGTGGTTCATACA	9537	2	0.9947768281101614	TTAGTGCAGTTGGTAACATCTGTTACACAC TTAGTGCTGTTGGCAACATTTGCTACACAC	2	0.9819563152896487	AGCTGCTATCATTACAAGAGAGATTGGT TGCTGCAGTCATAACAAGAGAAGTGGGT	{9433} {9433}
4.446894696155047	14438	14627	189	14438	1	0.9952516619183286	CCGTGCGGCACAGGCACTAGTACTGATGTC	14597	3	0.9909781576448243	AGAGACACACTTTCTCTAACTACCAACATG AGAGGCACACAATGTCCAACTACCAACATG AGAGGCATACTATGTCTAACTACCAACATG	2	0.99667616334283	AACGAAAAAAGTGCTGGTTTTGCAAAGT AATGATAAAGTAGCTGGTTTTGCTAAAT	{14494} {14494}
4.449635466635868	15434	15678	244	15434	2	0.99002849002849	AGAGCTAGGTGTTGTACATAATCAGGATGT TGAGTTAGGAGTCGTACATAATCAGGATGT	15648	2	0.99335232668566	GACTTTGCTGTGTCTAAAGGCTTCTTTAAG GACTTTGCTGTGTCTAAGGGTTTCTTTAAG	1	0.9890788224121557	TGGTAATCTATTGCTAGATAAACGCACT	{15539}
4.459921916171137	18030	18280	250	18030	1	0.9924026590693258	ACCACCTGGTACTGGTAAGAGTCATTTTGC	18250	3	0.9914529914529915	GTCTTTTGTACTGTAAATGCATTGCCTGAG GTTTTCTGCACTGTAAATGCATTGCCAGAA GTTTTCTGCACTGTTAATGCTCTGCCCGAA	1	0.9886039886039886	TTTGATAAATTCAAAGTGAATTCAACAT	{18211}
4.461468425664695	785	980	195	785	2	0.9905033238366572	ACAGCCCTATGTGTTCATCAAACGTTCGGA ACAGCCCTATGTGTTCATTAAACGTTCTGA	950	2	0.9905033238366572	GGTTCTTCTTCGTAAGAACGGTAATAAAGG TGTTCTTCTTCGTAAGAACGGTAATAAGGG	2	0.9810066476733144	CTGGTTGCAGAAATGGACGGCATTCAGT TACGGTCGTAGTGGTGAGACACTTGGTG	{852} {879}
4.463278667660242	26621	26777	156	26621	2	0.9914529914529915	CCAGTGCTCAAAGGAGTCAAATTACATTAC CCAGTTCTCAAGGGTGTCAAATTACATTAC	26747	2	0.99002849002849	AGTACTGTTCATGCTACAGCAACGATACCG GATTTTGTTCGCGCTACTGCAACGATACCG	3	0.9781576448243114	GAACTGTAACTTTGAAGCAAGGTGAAAT GATCAATTACTGCACAGCCAGTAAAAAT TTGGATCAATTACTGCACAGCCAGGAAA	{26700} {26700} {26697}
4.463834243325825	27926	28122	196	27926	2	0.9905033238366572	CTCCTGGAACAATGGAATCTAGTAATAGGT CTCCTTGAACAATGGAACCTAGTAATAGGT	28092	2	0.9905033238366572	ACAGAATAAATTGGATCACCGGTGGAATTG ACAGAATTAATTGGGTGACTGGCGGGATTG	2	0.9938271604938271	TAGCCTGGATTATGTTACTACAATTTGC TTCCTATTCCTTACATGGATTTGTCTTC	{27966} {27956}
4.468514134296109	19018	19216	198	19018	2	0.9905033238366572	CTGTAGTAAGATCATTACTGGTCTTCATCC TTGTAGTAAGGTAATCACTGGGTTACATCC	19186	2	0.9924026590693258	CAATGGTTACCCTAATATGTTTATCACCCG TAATGGTTACCCTAACATGTTTATCACCCG	2	0.9843304843304843	AAGGATTATGTGTTGACATACCAGGCAT ATGATGTGTTTTAAAATGAATTATCAAG	{19095} {19157}
4.477673809953941	19796	19998	202	19796	2	0.9985754985754985	GCTAGTTGTGATGCAATCATGACTAGGTGT GCTAGTTGTGATGCTATCATGACTAGATGT	19968	2	0.9909781576448243	CAGTTCTTCACGACATTGGTAACCCTAAAG CAGTTCTTCATGACATTGGAAATCCAAAGG	2	0.9843304843304843	GGTCTGTTGAATACCCTATTATAGGAGA GTGATGAACTGAAGATTAATGCGGCTTG	{19863} {19887}
4.477673809953941	19969	20171	202	19969	2	0.9909781576448243	AGTTCTTCACGACATTGGTAACCCTAAAGC AGTTCTTCATGACATTGGAAATCCAAAGGC	20141	2	0.9909781576448243	TTGGAATTGCAATGTCGATAGATATCCTGC TTGGAATTGTAACGTTGATCGTTACCCAGC	2	0.9852801519468186	ATCAAGTGTGTGCCTCAGGCTGAAGTAG CACAGCCTTGTAGTGACAAAGCTTATAA	{20000} {20046}
4.4821573353204816	19604	19808	204	19604	2	0.9919278252611586	ACCTGTTGTCTATGTGATAGACGTGCCACA ACGTGTTGTCTGTGTGACAAACGTGCAACT	19778	2	0.9905033238366572	CATGGAAATGCACATGTGGCTAGTTGTGAT CATGGTAATGCACATGTAGCTAGTTGTGAT	2	0.9838556505223172	ACTGCTTCAGACACTTATGCCTGTTGGC TGCTTTTCTACTTCATCAGATACTTATG	{19643} {19634}
4.4821573353204816	26569	26773	204	26569	2	0.99002849002849	GGGCTGTTGTTCTTGTGGATCCTGCTGCAA GGGTGCATGCTCTTGTGGTTCTTGCTGCAA	26743	2	0.9952516619183286	TGCAAGTACTGTTCATGCTACAGCAACGAT TTCAGATTTTGTTCGCGCTACTGCAACGAT	2	0.9919278252611586	GCCAGTGCTCAAAGGAGTCAAATTACAT GCCAGTTCTCAAGGGTGTCAAATTACAT	{26620} {26620}
4.493099245246692	31616	31825	209	31616	2	0.9952516619183286	GAGCCATTAAATTGGATGACAAAGATCCAC GTGCCATCAAATTGGATGACAAAGATCCAA	31795	2	0.99335232668566	CTTCCTGCGGCTGACATGGATGATTTCTCC CTTCCTGCTGCAGATTTGGATGATTTCTCC	2	0.99667616334283	AAAAAGACTGATGAAGCTCAGCCTTTGC CTGAATAAGCATATTGACGCATACAAAA	{31732} {31669}
4.497373533078032	14760	14971	211	14760	2	0.9919278252611586	AGTCTATGCTCTACGTCATTTTGATGAGGG CGTCTATGCTTTAAGGCATTTTGATGAAGG	14941	2	0.9905033238366572	AAAACAGTACAATTCTGTGATGCCATGCGA AAGACTGTACAATTCTGCGATGCTATGCGT	2	0.9947768281101614	ATTTTGTAGAAAATCCTGATGTTCTACG GCCAACTTAGGTGAACGTGTACGCCAAG	{14870} {14905}
4.501591578646307	27212	27425	213	27212	2	0.9947768281101614	CATGACTACCAGATTGGTGGTTATACTGAA GAAGACTACCAAATTGGTGGTTATTCTGAG	27395	2	0.9943019943019943	AATGTGCAAATACACACAATCGACGGCTCT CATGTCCAAATTCACACAATCGACGGTTCA	2	0.9890788224121557	GAATCTGGAGTAAAAGACTGTGTTGTAT TGGCTATTCCACCGAAGTTTATTACCAG	{27248} {27280}
4.5127942636812	31318	31406	88	31318	1	0.99002849002849	GGTAAAGGCCAACAACAACAAGGCCAAACT	31376	4	0.99002849002849	CCAAAAAGCCTCGCCAAAAACGTACTGCTA CGAAGAAGCCTCGCCAAAAACGTACTGCTA CTAAAAAGCCTCGCCAAAAACGTACTGCCA CTAAGAAGCCTCGGCAAAAACGTACTGCCA	1	0.9928774928774928	GTCACCAAGAAATCTGCTGCTGAGGCAT	{31348}
4.515932422683972	1661	1881	220	1661	2	0.9943019943019943	ATGTGGGTACCTACCTACTAATGCTGTAGT TTGTGGTTACTTACCCCAAAATGCTGTTGT	1851	2	0.9914529914529915	AAGCGTGCCTACTGGGTTCCTCGTGCTAGT AAGTGTGCCTATTGGGTTCCACGTGCTAGC	2	0.9957264957264957	TATTGAAACTCGACTCCGCAAGGGAGGT TCAGAAGTAGGACCTGAGCATAGTCTTG	{1772} {1722}
4.523848055426138	12011	12235	224	12011	2	0.99002849002849	GATGCGTATCATGACATGGCTTGAATTGGC GATGCGTATTATGACATGGTTGGATATGGT	12205	2	0.9914529914529915	ATGCTTTAGATCAAGCCATTTCCATGTGGG ATTCTTTAGACCAAGCTATTTCCATGTGGG	2	0.9848053181386515	GATTGTGTTATGTATGCTTCAGCTTTAG TGTCTGGTTTTAAGCTAAAAGACTGTGT	{12072} {12052}
4.523848055426138	16592	16816	224	16592	3	0.9905033238366572	GAGATGTGGATCATGAATTCGTGGATGAAT GAGATGTTGACACAGACTTTGTGAATGAGT GGGATGTTGATCATGAATTCGTGGATGAGT	16786	1	0.9947768281101614	TGGACTGAGACTGACCTTACTAAAGGACCT	2	0.9895536562203229	AACAGTAACTATGCGGCTCAAGGTTTAG GGCTAGCATAAAGAACTTTAAGTCAGTT	{16687} {16716}
4.524043377117347	13065	13154	89	13065	2	0.9905033238366572	AGCTATGACCCAAATGTATAAACAGGCTAG GGCTATGACCCAAATGTACAAACAGGCAAG	13124	3	1.0	GTGCAATGCAAACGATGCTTTTCACTATGC GTGCTATGCAAACAATGCTCTTCACTATGC GTGCTATGCAGACAATGCTTTTCACTATGC	1	0.9886039886039886	ATCTGAGGACAAGAGGGCAAAAGTTACT	{13095}
4.52579679600542	6603	6828	225	6603	2	0.9928774928774928	GGCGATGTAGTGGCTATTGACTATAGACAC GGTGATGTGGTGGCTATTGATTATAAACAC	6798	2	0.9909781576448243	GTAGAAGACACACAAGGAATGGACAATCTT TCAGAGGACGCGCAGGGAATGGATAATCTT	2	0.9881291547958214	ACCCTCTTTTAAGAAAGGAGCTAAATTG TCAGCGAGTTTCAAGAAAGGTGCTAAAT	{6638} {6636}
4.527733761645286	16172	16398	226	16172	2	0.9928774928774928	CGGTGGCTGGCATAATATGTTAAAAACTGT TGGTGGTTGGCACAACATGTTAAAAACTGT	16368	2	0.9919278252611586	CAAGTATTAAGTGAGATGGTCATGTGTGGC CAAGTATTGAGTGAAATGGTCATGTGTGGC	2	0.9981006647673314	AACATGCTTAGGATAATGGCCTCTCTTG GTTGTAGCTTGTCACACCGTTTCTATAG	{16269} {16321}
4.527733761645286	27926	28152	226	27926	2	0.9905033238366572	CTCCTGGAACAATGGAATCTAGTAATAGGT CTCCTTGAACAATGGAACCTAGTAATAGGT	28122	2	0.99002849002849	CGATTGCAATGGCTTGTATTGTAGGCTTGA CTATCGCAATGGCTTGTCTTGTAGGCTTGA	2	0.9981006647673314	CTTGTTTTGTGCTTGCTGCTGTTTACAG TAGCCTGGATTATGTTACTACAATTTGC	{28068} {27966}
4.533475410741901	9378	9607	229	9378	2	0.99002849002849	CATGGTTTAGCCAGCGTGGTGGTAGTTATA CATGGTTTAGCCAGCGTGGTGGTTCATACA	9577	2	0.9919278252611586	CATTGAGTATAGTGATTTTGCTACCTCTGC TATAGAGTACACTGACTTTGCAACATCAGC	2	0.9824311490978158	AGCTGCTATCATTACAAGAGAGATTGGT TACCTAGAGTTTTTAGTGCAGTTGGTAA	{9433} {9525}
4.54097439218088	15139	15372	233	15139	2	0.99002849002849	TGCAGAGTCACATGTTGACACTGACTTAAC TGCTGAGTCCCATATGGATGCTGATCTCGC	15342	2	0.9905033238366572	ACAGTGTTCCCACCTACAAGTTTTGGACCA ACTGTGTTTCCACCTACAAGTTTTGGACCA	2	0.9848053181386515	GAAGAGAGGTTAAAACTCTTTGACCGTT GCTGAATTATGATTTTACGGAAGAGAGA	{15213} {15194}
4.54097439218088	25922	26155	233	25922	2	0.9938271604938271	CAGAGTGTGTACTTGGACAATCAAAAAGAG CTGAGTGTGTTCTTGGACAATCAAAAAGAG	26125	2	0.9947768281101614	AATGGCACACACTGGTTTGTAACACAAAGG AATGGCACTTCTTGGTTTATTACACAGAGG	2	0.9909781576448243	GGAAAGGGCTATCATCTTATGTCCTTCC TGTGGAAAGGGCTACCACCTTATGTCCT	{25963} {25960}
4.546485705661207	1450	1686	236	1450	2	0.9928774928774928	CAAGGGTTGAAAAGAAAAAGCTTGATGGCT CACGTGTTGAAAAGAAAAAGACTGAGGGTT	1656	2	0.9943019943019943	ACTACATGTGGGTACCTACCTACTAATGCT ACTACTTGTGGTTACTTACCCCAAAATGCT	2	0.99335232668566	ATGAAATGTAATCATTGCGATGAAGTTT GCGATTTTGTTAAAGCCACTTGCGAATT	{1554} {1594}
4.555465756109888	18477	18718	241	18477	2	0.9919278252611586	AATAGGTCCAGACATGTTCCTTGGAACTTG TATAGGTCCAGACATGTTCCTCGGAACTTG	18688	2	0.9909781576448243	CGCAATCCTGCTTGGAGAAAAGCTGTTTTT CGTAACCCTGCTTGGAGAAAAGCTGTCTTT	2	0.9928774928774928	AATAAGCTAAAAGCACACAAGGAGAAGT ATGATGTTTCATCTGCAATTAATAGACC	{18559} {18629}
4.555465756109888	18975	19216	241	18975	2	0.9919278252611586	GGCAACTTTACAAGCTGAAAATGTAACAGG GGCTACATTACAAGCAGAAAATGTAACTGG	19186	2	0.9924026590693258	CAATGGTTACCCTAATATGTTTATCACCCG TAATGGTTACCCTAACATGTTTATCACCCG	2	0.9862298195631529	AAGGATTATGTGTTGACATACCAGGCAT ACTAAATTCAAAACTGAAGGTTTATGTG	{19095} {19079}
4.55723196905215	22122	22364	242	22122	2	0.9928774928774928	GTGCAACAGTACATACGGCTAATAAATGGG GTGCAACTGTACATACAGCTAATAAATGGG	22334	2	0.9928774928774928	CACTTCGCATGGTGGACAGCCTTTGTTACT CATTTCTCATGGTGGACAGCTTTTGTTACA	2	0.9895536562203229	AAACACGTGACAAAAGAGAATGACTCAA GGGTTTTTTCACTTACATTTGTGGGTTT	{22187} {22219}
4.560735466635868	6856	7100	244	6856	1	0.9981006647673314	GAAGAAGTAGTGGAAAATCCTACCATACAG	7070	3	0.99002849002849	AAAAACAATTGCCACTCATGGTATTGCTGC GAAAACACTTGCCACCCATGGGGCTGCTGC GAAAACCCTTGCTACTCATGGTTTAGCTGC	2	0.9890788224121557	AGGAAGTCATAGAGTGTGACGTGAAAAC GAAGAGGTTGGCCACACAGATCTAATGG	{6887} {6975}
4.5624729605267245	13109	13354	245	13109	2	0.99002849002849	GGGCAAAAGTAACTAGTGCTATGCAAACAA GGGCAAAAGTTACTAGTGCTATGCAGACAA	13324	2	0.9909781576448243	GCACTCTGGGAAATCCAGCAAGTTGTTGAT GCATTGTGGGAAATCCAACAGGTTGTAGAT	2	0.9943019943019943	TAATGGTTGTCATACCAGACTATAACAC TACAGCAGCCAAACTCATGGTTGTTGTC	{13253} {13239}
4.565464373321449	13325	13418	93	13325	2	0.9909781576448243	CACTCTGGGAAATCCAGCAAGTTGTTGATG CATTGTGGGAAATCCAACAGGTTGTAGATG	13388	3	0.9909781576448243	ACATGGACAATTCACCAAATTTGGCTTGGC ATATGGACAACTCACCAAATTTGGCTTGGC GTATGGACAATTCACCTAATTTAGCATGGC	1	0.9848053181386515	CAGATAGTAAAATTGTTCAACTTAGTGA	{13355}
4.569330266661923	12693	12942	249	12693	2	0.9909781576448243	CATCTAAATTGTGGGCTCAATGTGTCCAGT CTTCTAAATTGTGGGCACAATGTGTACAAC	12912	2	0.9909781576448243	TTATGCCACTGCCCAAGAGGCCTATGAGCA TTTTGCTACTGCTCAAGAAGCTTATGAGCA	2	0.9857549857549858	GCAGGGTGCTGTAGACATTAATAGGTTG TTACAAGCTATAGCCTCAGAGTTTAGTT	{12806} {12865}
4.571021916171136	6363	6613	250	6363	2	0.9928774928774928	GATGGAGTTACTTACACAGAGATTGAACCA GATGGTGTTGTTTGTACAGAAATTGACCCT	6583	2	0.9919278252611586	CATTCTTCCCAGACTTGAATGGCGATGTAG CATTTTTCCCTGACTTAAATGGTGATGTGG	2	0.9838556505223172	CTTACTATACGGAGCAGCCTATAGACCT TGGTTATAAGAAACCTGCTTCAAGAGAG	{6424} {6545}
4.571021916171136	6632	6882	250	6632	3	0.99002849002849	CTACACACCCTCTTTTAAGAAAGGAGCTAA CTACTCCACGAGTTTCAAGAAAGGTGCAAA CTATTCAGCGAGTTTCAAGAAAGGTGCTAA	6852	1	0.9957264957264957	CTCTGAAGAAGTAGTGGAAAATCCTACCAT	2	0.9881291547958214	AGTTGAAACATCAAATTCGTTTGATGTA TACGTTGTCTTTGGAGTACAAAGCCAGT	{6764} {6739}
4.571021916171136	7892	8142	250	7892	2	0.9909781576448243	ATGGAAAAGTTATGTGCATGTTGTAGACGG ATGGAAGAGCTATGTTCATATCATGGATGG	8112	2	0.9919278252611586	GATGAAGTTGCGAGAGACTTGTCACTACAG GATGAAGTTGCTCGTGATTTGTCACTCCAG	2	0.9895536562203229	GTATGATGTGTTACAAACGTAATAGAGC TCGACTTGCATGATGTGCTATAAGCGCA	{7939} {7932}
4.602140537842753	18186	18283	97	18186	2	0.9914529914529915	ACCTGCACGTGCTCGTGTAGAGTGTTTTGA ACCTGCGCGTGCGCGCGTAGAGTGTTTTGA	18253	3	0.9919278252611586	TTCTGCACTGTAAATGCATTGCCAGAAACA TTCTGCACTGTTAATGCTCTGCCCGAAACT TTTTGTACTGTAAATGCATTGCCTGAGACG	1	0.99335232668566	AGTGAATTCAACATTAGAACAGTATGTC	{18225}
4.6238942636811995	713	801	88	713	3	0.9909781576448243	GGCACGTCAACATCTTAAAGATGGCACTTG GGCACGTGAACACCTCAAAAATGGCACTTG GGCACGTGAACATCTTAAAAATGGCACTTG	771	2	0.99002849002849	CTGCCCCAGCTTGAACAGCCCTATGTGTTC TTGCCTCAACTTGAACAGCCCTATGTGTTC	2	0.9890788224121557	TGGCTTAGTAGAAGTTGAAAAAGGCGTT TGGTCTAGTAGAGCTGGAAAAAGGCGTA	{743} {743}
4.6238942636811995	31450	31538	88	31450	3	0.9914529914529915	GAACAAACCCAAGGAAATTTCGGGGACCAA GAACAAACCCAAGGAAATTTTGGGGACCAG GAGCAAACCCAAGGAAACTTTGGGGACCAA	31508	2	0.9947768281101614	AACAGTGGCCGCAAATTGCACAATTTGCTC AACATTGGCCGCAAATTGCACAATTTGCCC	2	0.9924026590693258	GACCTAATCAGACAAGGAACTGATTACA GACCTAATCAGACAAGGAATTGATTACA	{31480} {31480}
4.6351433771173465	8388	8477	89	8388	2	0.9914529914529915	TGTGTACTACAGTCAGCTGATGTGCCAACC TGTTTACTACAGTCAGCTTATGTGTCAACC	8447	3	0.9914529914529915	CAGACGTTGGAGATAGTACTGAAGTTTCCG CAGATGTTGGAGATAGTACTGAAGTTTCTG CTGATGTTGGTGATAGTGCGGAAGTTGCAG	2	0.9814814814814815	TATACTGTTACTAGATCAGGCATTAGTG TATTCTGTTGCTTGACCAAGCTCTTGTA	{8418} {8418}
4.6351433771173465	27983	28072	89	27983	3	0.9943019943019943	CTACAATTTGCCTATGCCAACAGGAATAGG CTACAATTTGCCTATTCTAATCGGAACAGG CTACAGTTTGCCTATTCCAACCGGAACAGG	28042	2	0.9938271604938271	CTGGCTCTTGTGGCCAGTAACACTTGCTTG CTGGCTGTTATGGCCAGTAACTTTAGCTTG	2	0.9914529914529915	TTTTGTACATAATAAAGCTTGTTTTCCT TTTTTGTATATAATTAAGTTAATTTTCC	{28014} {28013}
4.642772931341441	13388	13490	102	13388	3	0.9909781576448243	ACATGGACAATTCACCAAATTTGGCTTGGC ATATGGACAACTCACCAAATTTGGCTTGGC GTATGGACAATTCACCTAATTTAGCATGGC	13460	2	0.9962013295346629	TACAGAATAATGAACTGAGTCCAGTAGCAC TACAGAATAATGAGCTTAGTCCTGTTGCAC	1	0.9848053181386515	CTCTTATTGTTACAGCTCTAAGGGCCAA	{13418}
4.646011090344213	19583	19673	90	19583	2	0.9928774928774928	GTCAAGATTGGACCTGAAAGAACGTGTTGT GTGAAAATAGGACCTGAGCGCACCTGTTGT	19643	3	0.9905033238366572	ACTGCTTCAGACACTTATGCCTGTTGGCAT ACTTCATCAGATACTTATGCCTGCTGGAAT ACTTCATCTGACACTTATGCTTGCTGGAAC	2	0.9838556505223172	CTATGTGATAGACGTGCCGCATGCTTTT CTGTGCGACAGACGTGCAACTTGCTTTT	{19613} {19613}
4.650316028494807	7819	7922	103	7819	3	0.9919278252611586	TTAATCTTGTACAAATGGCCCCGATTTCAG TTAGTATTGTACAAATGGCACCCGTTTCTG TTAGTATTGTACAGATGGCACCTGTTTCAG	7892	2	0.9909781576448243	ATGGAAAAGTTATGTGCATGTTGTAGACGG ATGGAAGAGCTATGTTCATATCATGGATGG	1	0.9962013295346629	CTATGGTTAGAATGTACATCTTCTTTGC	{7849}
4.650316028494807	16989	17092	103	16989	2	0.9914529914529915	CCCACTTACAAAGCACCCTAATCAAGAGTA CCCACTTACTAAACATCCTAATCAGGAGTA	17062	3	0.99335232668566	CATGATGAGCTTACTGGCCACATGTTGGAC CATGATGAGCTTACTGGTCACATGCTAGAC CATGATGAGTTAACAGGACACATGTTAGAC	1	0.9895536562203229	CTGATGTCTTTCATTTGTACTTACAATA	{17021}
4.650316028494807	30702	30805	103	30702	3	0.9938271604938271	AGAACGCAGTGGGGCGCGATCAAAACAACG AGGACGCAATGGGGCAAGGCCAAAACAGCG AGGACGCAGTGGTGCACGGCCAAAACAACG	30775	2	0.99667616334283	GCTCTCACTCAACATGGCAAGGAAGACCTT GCTCTCACTCAGCATGGCAAGGAGGAACTT	1	0.9976258309591642	GCCCCAAGGTTTACCCAATAATACTGCG	{30735}
4.657585705661208	15494	15730	236	15494	2	0.9909781576448243	GGAACTTTTAGTGTATGCTGCTGATCCAGC GGAATTACTTGTGTATGCTGCTGACCCTGC	15700	2	0.9947768281101614	AACACTTCTTCTTTGCTCAGGATGGCAACG AACACTTCTTCTTTGCTCAGGATGGTAATG	3	0.9895536562203229	ATGCATGCTGCCTCTGGCAATTTGTTGT TGGTAATCTATTGCTAGATAAACGCACT TGGTAATTTGTTGTTAGATAAACGCACT	{15525} {15539} {15539}
4.6576857056612075	26759	26863	104	26759	2	0.99002849002849	GCTACAGCAACGATACCGCTACAAGCCTCA GCTACTGCAACGATACCGATACAAGCCTCA	26833	3	0.9909781576448243	TTTTCAAAGCGCTTCCAAAGTAATTGCGCT TTTTCAGAGCGCTACCAAAATAATTGCGCT TTTTCAGAGCGCTTCCAAAATCATAACCCT	1	0.9928774928774928	CGGATGGCTTATTGTTGGCGTTGCACTT	{26797}
