cost	target-start	target-end	target-length	left-primer-start	left-primer-num-primers	left-primer-frac-bound	left-primer-target-sequences	right-primer-start	right-primer-num-primers	right-primer-frac-bound	right-primer-target-sequences	num-guides	total-frac-bound-by-guides	guide-target-sequences	guide-target-sequence-positions
2.8516681611474057	690	807	117	690	1	0.9948320413436692	TTGAGCCTAGCGTTGGGCTACGTTCTCGCA	777	1	0.9922480620155039	GGTTCTGGTGGTGTTTAGTGAGCAGACATA	2	0.9974160206718347	ATACGACGTTTGTAGGGGGTAGTGCCAA GGGTAGTGCCGAACAACCCCTGAGGTGA	{731} {747}
2.876122044777587	690	837	147	690	1	0.9948320413436692	TTGAGCCTAGCGTTGGGCTACGTTCTCGCA	807	1	0.9948320413436692	CAATAGACAGTGACAACATGGCTTCAAGCC	1	0.9974160206718347	GGGTAGTGCCAAACAACCCCTGAGGTGA	{747}
3.1793942636811994	752	840	88	752	2	0.9922480620155039	GTGCAGAACAACCCCTGAGGTGACAGGTTC GTGCCAAACAACCCCTGAGGTGACAGGTTC	810	1	0.9948320413436692	TAGACAGTGACAACATGGCTTCAAGCCTAA	1	0.9948320413436692	TGGTGGTGTTTAGTGAGCAGACATACAA	{782}
3.7320647304037196	587	804	217	587	2	0.9974160206718347	TCTAGCGGTACGCGGGTGTGTGGAAGTAGC TCTAGCGGTAGGCGGGTGTGTGGAAGTAGC	774	1	0.9948320413436692	ACAGGTTCTGGTGGTGTTTAGTGAGCAGAC	1	0.9974160206718347	CTAAGGGCTTTTGAGCCTAGCGTTGGGC	{680}
3.7898296428427707	587	835	248	587	2	0.9974160206718347	TCTAGCGGTACGCGGGTGTGTGGAAGTAGC TCTAGCGGTAGGCGGGTGTGTGGAAGTAGC	805	1	0.9948320413436692	TACAATAGACAGTGACAACATGGCTTCAAG	1	0.9974160206718347	CTAAGGGCTTTTGAGCCTAGCGTTGGGC	{680}
4.266737705370951	587	751	164	587	2	0.9974160206718347	TCTAGCGGTACGCGGGTGTGTGGAAGTAGC TCTAGCGGTAGGCGGGTGTGTGGAAGTAGC	721	2	0.9922480620155039	AAGGTCGGCTATACGACGGTTGTAGGGGGT AAGGTCGGCTATACGACGTTTGTAGGGGGT	1	0.9974160206718347	CTAAGGGCTTTTGAGCCTAGCGTTGGGC	{680}
6.205816028494806	27008	27111	103	27008	4	0.9922480620155039	GCTCGCTAAATGTGAACCTGATCACTTGCC GCTGGCAAAATGTGAACCAGACCACTTGCC GCTTGCTAAATGTGAACCAGACCACTTGCC GCTTGCTAAGTGTGAACCAGACCACTTGCC	27081	2	0.9948320413436692	CGTATGGTGCAGAAATACACTGGTGACCAA CGTATGGTGCAGAAATATACTGGTGACCAA	9	0.9896640826873385	ACATATTTGTATGCACACCAGATAGACG ACATTTTTGTGTGTACACCAGATAGACG ACATTTTTGTTTGCACACCAGATAGACG AGATATTTTTGTTTGCACACCTGATAGA ATATATTTGTTTGCACACCTGATAGGCG ATATATTTGTTTGTACTCCAGATAGAAG ATCTTCGTTTGCACACCGGATAGGCGTA CATTTTTGTGTGTACACCTGATAGACGC TAAAGACATTTTCGTGTGTACACCAGAT	{27043} {27043} {27043} {27041} {27043} {27043} {27045} {27044} {27038}
7.555565756109888	20703	20944	241	20703	4	0.9922480620155039	CAGAGCACAAGTTCGACCCTGTGATATCTG CAGAGCACAAGTTTGACCTTGTAATATCTG CAGAGCACAAGTTTGATCTTGTGATATCTG CGGATCACAAGTTTGATCTTGTGATATCTG	20914	4	0.9922480620155039	TTGTGCATGGTGGACAATGTTTTGTACAGC TTGTGCATGGTGGACATTATTTTGTACTGC TTGTGCATGGTGGACATTGTTTTGTACAGC TTGTGCGTGGTGGACAATGTTTTGTACAGC	5	1.0	ATTAAAGTTACAGAGACAAGTTGGCATG CACGAGGATTTATATGACATTGCACAGG CAGATAATGATTCAAAAAGAAAGCATGA CTGTAAAAGTAACAGAGACAAGTTGGCA GATTCAAAAAGAAAACATGAAGGCATAG	{20861} {20885} {20742} {20859} {20750}
7.602140537842752	12584	12792	208	12584	5	0.9922480620155039	GAGGTATGGTACTTGGTGCTATATCAAGTG GAGGTATGGTACTTGGTGCTATATCCAATG GAGGTATGGTACTTGGTGCTATATCTAATG GGGGTATGGTACTTGGTGCTATATCCAATG GGGGTATGGTACTTGGTGCTATATCTAATG	12762	3	0.9922480620155039	GTTGACAGTACATAATGGTAGTGGTTTTGC GTTGACAGTTCACAATGGTAGTGGTTTTGC GTTGACAGTTCATAATGGTAGTGGCTTTGC	6	0.9896640826873385	ACATATTGTAAATATGTAGCTGCAGGTA GTAAATATGTGGCAGCAGGCAATCAACC TAAATATGTGGCAGCAGGTAATCAACCT TAGCAGCAGGTAACCAACCTTTAGGTAA TTGTTGTGTTACAATCTAAAGGTCATGA TTTGTTCTTTTGCAGTAGATCCGGCTGA	{12706} {12713} {12714} {12722} {12614} {12677}
7.979411090344212	16872	17052	180	16872	5	0.9922480620155039	TGCAGCTGTTGATGCTTTATGTGAAAAAGC TGCAGCTGTTGATGCTTTGTGTGAAAAAGC TGCTGCAGTAGATGCGCTTTGTGAAAAAGC TGCTGCAGTTGACGCGCTTTGTGAAAAAGC TGCTGCTGTAGATGCCCTTTGTGAAAAGGC	17022	4	0.9922480620155039	TGCCTTGCCAGAAGTAAGTTGTGACATTCT TGCCTTGCCAGAAGTTAGTTGTGACATCCT TGCCTTGCCAGAAGTTAGTTGTGACATTCT TGCCTTGCCGGAAGTTAGTTGTGACATTCT	4	0.9922480620155039	AGTTGATGATTGCACTCGGATAGTACCT CCCCAGAGGACTACTATCGATTGCTTCT TAAAAGTTGATGATTGCACTAGGATAGT TTAAAGTTGATGATTGCACTCGCATAGT	{16917} {16942} {16913} {16913}
7.983716028494806	11757	11903	146	11757	5	0.9948320413436692	TGGTAGTGTAACACAGCAAGAACTTGCTGC TGGTAGTGTTACACAGCAAGAGCTTGCTGC TGGTGGTGTAACACAGCAAGAACTTGCTGC TGGTGGTGTAACACAGCAAGAGCTTGCTGC TGGTGGTGTTACACAGCAAGAGCTTGCTGC	11873	4	0.9922480620155039	CTATGACAACAATGTATAAAGAAGCGCGTG CTATGACAACAATGTATAAAGAGGCGCGTG CTATGACAACGATGTATAAGGAGGCGCGTG CTATGACAACTATGTATAAGGAAGCGCGTG	5	0.9974160206718347	AAGTCAATCTTTGATAGAGACTTGGCTG AATCAATTTTTGATAGAGATTTGGCCGT AGGCAATCTTTGATAGAGATTTGGCTGT AGTCAATCTTTGATAGAGACTTGGCTGT CTGCCAATATTGCAAAGTCAGTCTTTGA	{11812} {11813} {11813} {11813} {11798}
8.17461637303119	20517	20733	216	20517	5	0.9922480620155039	CAATGTGCGTACCGCATAATATGCGTGTAA CAATGTGTGTACCGCATAACATGCGAGTAA CAATGTGTGTACCGCATAATATGCGAGTAA CAATGTGTGTGCCGCATAACATGCGTGTAA CAATGTGTGTGCCGCATAATATGCGCGTTA	20703	4	0.9922480620155039	CAGAGCACAAGTTCGACCCTGTGATATCTG CAGAGCACAAGTTTGACCTTGTAATATCTG CAGAGCACAAGTTTGATCTTGTGATATCTG CGGATCACAAGTTTGATCTTGTGATATCTG	5	0.9922480620155039	CACGTTTCTGTGCTTTCAGATTGCAATA GAGCAGGTAGTGATAAAGGAGTGGCGCC GTTGATTACGTATCTGATGCACACGTCT TAGATTATGTATCTGATGCACACGTGTC TGTAGATTATGTGTCTGACGCGCATGTT	{20666} {20556} {20645} {20646} {20644}
