cost	target-start	target-end	target-length	left-primer-start	left-primer-num-primers	left-primer-frac-bound	left-primer-target-sequences	right-primer-start	right-primer-num-primers	right-primer-frac-bound	right-primer-target-sequences	num-guides	total-frac-bound-by-guides	guide-target-sequences	guide-target-sequence-positions
2.6237942636811997	14009	14097	88	14009	1	0.993485342019544	TCTTTGCTATGCATTGCGACATTTTGATCG	14067	1	1.0	CTCTCTATATATGCTGGTTGTGAACAATCC	2	1.0	CAATGATTGCATGCTGCTCTGTGACATT CAATGATTGCATGCTGCTTTGTGACATT	{14039} {14039}
2.757011090344213	13802	13922	120	13802	1	1.0	GCGTGTTGATGAGAACGGTGATAAATTAGA	13892	1	1.0	TGAGCGTGTAAAAGATTGTAAGTTTGTGGC	1	0.993485342019544	TTCTTTGTTGTTAAGAGGACAGATCTGA	{13836}
2.9265573353204815	13965	14097	132	13965	1	0.993485342019544	CCACACATTGTACGCAAGGATTTAACAAAG	14067	1	1.0	CTCTCTATATATGCTGGTTGTGAACAATCC	2	1.0	CAATGATTGCATGCTGCTCTGTGACATT CGCAATGATTGCATGCTGCTTTGTGATA	{14039} {14037}
2.9454360029807227	12638	12806	168	12638	1	0.990228013029316	AGGGTTGTGTACCATTGAATGCAATACCTT	12776	1	1.0	CTATCCAGGATTCAGATGGTACAAATAAGC	1	1.0	ATAAAAGTGTTTATGACCAGATAGTTGA	{12704}
2.948390556965433	8228	8397	169	8228	1	0.996742671009772	CTGGTACGTCTGTTACAGAAACTATGTTTG	8367	1	0.993485342019544	AGTTTTGGATACCTTTTTAAGCTGTGCTCG	1	0.993485342019544	GCTTTAATAGTAACTGCGCATTCTTCTA	{8314}
2.9599437654486547	13749	13922	173	13749	1	1.0	GCTAGTGTTGCTGGCATTGGTTTACATTTA	13892	1	1.0	TGAGCGTGTAAAAGATTGTAAGTTTGTGGC	1	0.993485342019544	TTCTTTGTTGTTAAGAGGACAGATCTGA	{13836}
2.9818714113224147	13802	13983	181	13802	1	1.0	GCGTGTTGATGAGAACGGTGATAAATTAGA	13953	1	1.0	GGTAGTCGTGTGCCACACATTGTACGCAAG	1	0.993485342019544	TTCTTTGTTGTTAAGAGGACAGATCTGA	{13836}
2.9908857056612073	9866	10014	148	9866	1	1.0	GGCTAGTTATGTATGGCACTATTATGCCTT	9984	1	1.0	TCGTAGTGATGGTACATTTGAAGAAATGGC	2	1.0	TATGGTTTTGTTTGCTATATATAGCTGT TTTGCTTGCTATATATATCTGTTGTTGT	{9896} {9902}
3.0121837571683643	8368	8561	193	8368	1	0.993485342019544	GTTTTGGATACCTTTTTAAGCTGTGCTCGT	8531	1	0.996742671009772	ACATTGTGGCAGCTGATTTAGGTGTTCTGA	1	0.996742671009772	CAGATGTTGGTACCAAGTGTTTAGCTGA	{8417}
3.0193342433258255	9528	9656	128	9528	1	0.996742671009772	TGGGACCTTTTGTGGTAGAGATGTTTTTGA	9626	1	0.990228013029316	TTGCTGGTGCTATACTTGCTGTAATTGTTG	3	1.0	CTGTTTAAAGGTTTAGCACAGCCTGTGG GTAGATTTCTTGGCATTGACTGCTAGTT GTGGATTTTTTGGCATTGACTGCTAGTT	{9571} {9595} {9595}
3.028643040981689	20234	20393	159	20234	1	0.996742671009772	AGGTCCACCGCGTGCTGAATTAAATGGCGT	20363	1	0.996742671009772	CAGCTCTAACCAGAGCCCACAAGGTAATCT	2	0.9869706840390879	ATTGTGTGTTTTATTTTGCTGTGCGTAA TGGTAGATAAAGTTGGAGACGCGTATTG	{20290} {20266}
3.0331738099539405	12638	12840	202	12638	1	0.990228013029316	AGGGTTGTGTACCATTGAATGCAATACCTT	12810	1	1.0	GAATGAGATATCTGATGATTGTAACTGGCC	1	1.0	ATAAAAGTGTTTATGACCAGATAGTTGA	{12704}
3.0507435130281846	9684	9894	210	9684	1	0.996742671009772	TAAACGTGCTTTTGGTGATTACACCAGTGT	9864	1	1.0	ATGGCTAGTTATGTATGGCACTATTATGCC	1	1.0	CCACACTTTCTTGTGTATATGCTATTTG	{9779}
3.069422592664184	11727	11946	219	11727	1	0.996742671009772	GGTTATTGCTAAGTGGGTTGCTGTGAATGT	11916	1	0.993485342019544	AAGATATATGAATGCTAATGGATTGCGCCC	1	0.996742671009772	GGGTTTGTTTTCCTTGATGAACAGTTTG	{11838}
3.0734297303170677	12585	12806	221	12585	1	1.0	GGTGCGTAAGTTAGATAATCAAGCTCTGAA	12776	1	1.0	CTATCCAGGATTCAGATGGTACAAATAAGC	1	1.0	ATAAAAGTGTTTATGACCAGATAGTTGA	{12704}
3.0812967960054203	13802	14027	225	13802	1	1.0	GCGTGTTGATGAGAACGGTGATAAATTAGA	13997	1	0.993485342019544	TACTATGTTGGATCTTTGCTATGCATTGCG	1	0.993485342019544	TTCTTTGTTGTTAAGAGGACAGATCTGA	{13836}
3.0929714113224147	9528	9709	181	9528	1	0.996742671009772	TGGGACCTTTTGTGGTAGAGATGTTTTTGA	9679	1	1.0	AAGCTTAAACGTGCTTTTGGTGATTACACC	2	0.996742671009772	GTGGATTTTTTGGCATTGACTGCTAGTT TTTCTGGCATTGACCGCTAGTTCCATTG	{9595} {9601}
3.09647439218088	8228	8461	233	8228	1	0.996742671009772	CTGGTACGTCTGTTACAGAAACTATGTTTG	8431	1	0.993485342019544	AAGTGTTTAGCTGATTCTGTCATGTCTGCT	1	0.993485342019544	GCTTTAATAGTAACTGCGCATTCTTCTA	{8314}
3.098322044777587	13749	13983	234	13749	1	1.0	GCTAGTGTTGCTGGCATTGGTTTACATTTA	13953	1	1.0	GGTAGTCGTGTGCCACACATTGTACGCAAG	1	0.993485342019544	TTCTTTGTTGTTAAGAGGACAGATCTGA	{13836}
3.1056079683607334	8368	8606	238	8368	1	0.993485342019544	GTTTTGGATACCTTTTTAAGCTGTGCTCGT	8576	1	1.0	AGCATGTGCAGGGTAATGTTGCTAAAATAG	1	0.996742671009772	CAGATGTTGGTACCAAGTGTTTAGCTGA	{8417}
