cost	target-start	target-end	target-length	left-primer-start	left-primer-num-primers	left-primer-frac-bound	left-primer-target-sequences	right-primer-start	right-primer-num-primers	right-primer-frac-bound	right-primer-target-sequences	num-guides	total-frac-bound-by-guides	guide-target-sequences	guide-target-sequence-positions
2.5126942636811997	2382	2470	88	2382	1	1.0	CAACGAAACACTCGCTGCATATGAGCTTAA	2440	1	1.0	CCGCGTCAAATTGCGACGTTGGTTGTCGAT	1	0.9910714285714286	CCAATTAGTAGCTCCAGGTGATTCTACA	{2412}
2.5126942636811997	4870	4958	88	4870	1	1.0	TTGGGTAGAGCACTATGTAAGGCAGGTAAA	4928	1	1.0	CCCGTTTCTACAATTACCTTGTAGAGATTG	1	1.0	GTTGTCTTTGTCAGTGCTTCGCTTTTGA	{4900}
2.5126942636811997	6511	6599	88	6511	1	1.0	ACTCGCATCAAAGCTGGTGCACCTCCCATG	6569	1	1.0	CACTTGCTATTGTGTACTTTGCTGCTATGG	1	1.0	CGTCAAAAAATTTTATGTGTTATCCTGG	{6541}
2.5126942636811997	6775	6863	88	6775	1	0.9910714285714286	ACTAATTCACCTGACTGTCCAGTTGTTGTG	6833	1	1.0	TTCCTGGAATTCCAGCAGGTGTCATTCATA	1	0.9910714285714286	GGAGTTGTTGAAGTAACGACGCACTCTA	{6805}
2.5126942636811997	10713	10801	88	10713	1	1.0	ACACAGCTCAGGACTTCAATGGCAATGAAT	10771	1	1.0	AACCGGTAAGAAGATTTTGGTTGCCATTAC	1	1.0	CCACTGTAAAATCTTTTTATGTTACTAG	{10743}
2.5126942636811997	18161	18249	88	18161	1	1.0	TGCAGGAACTGGGTGTTGAACACATTATCT	18219	1	1.0	CGGAACTCACACACTTATCTCACTAGTTAA	1	0.9910714285714286	ATGGTGATGATTCCAGTCCAGTCCTTGG	{18191}
2.5126942636811997	20464	20552	88	20464	1	1.0	TAAGCACTGAATCTGGTGCTTGTGAGATGA	20522	1	1.0	CTTGCTAAGGCAGCGTTTGTATGTTACTGC	1	1.0	AAATTATTGTTACCTACGTATGGAAATA	{20494}
2.5126942636811997	22920	23008	88	22920	1	1.0	AATTATTTTACAAGTGCTACCTAGGGGCAG	22978	1	1.0	CTACTCCAAGCCGAACCCCGTACCTGAGGA	1	1.0	CATATCTTGTTAGGCCTATTATAGTGTA	{22950}
2.5126942636811997	23283	23371	88	23283	1	1.0	TTCATATCCTGGGCCAAGTACTGGTATGAC	23341	1	1.0	CTGCATGGGCACTCTCACCTGAGAGTAGAC	1	0.9910714285714286	TCAATTCGTTTATTAATGAAAACCAGAT	{23313}
2.5126942636811997	23345	23433	88	23345	1	1.0	ATGGGCACTCTCACCTGAGAGTAGACTCCT	23403	1	1.0	TGGAGGTGCATTCCCATCGACCACATGGCT	1	0.9910714285714286	TGCAGGGATTATGGATCCAATGGGTACA	{23375}
2.5239433771173467	4683	4772	89	4683	1	1.0	CTTTGAAGTTCTCAATGTTGAAGAACTGCC	4742	1	1.0	CTCCTGTACAGGCCTTACAACCTAAGGCTA	1	1.0	CAGGATAGTGTGCTCCATTTGGACCCAC	{4714}
2.534811090344213	3083	3173	90	3083	1	1.0	TAACACCTGCGGATTTAAAACCACAGACTA	3143	1	1.0	AACTTGAGACTATTAACGAAGGATCCACAG	1	0.9910714285714286	GTACTATAAAGGAGTACTTTAAGTCTGA	{3113}
2.534811090344213	5510	5600	90	5510	1	1.0	TAATGAAGTTTTTCCGCCATCTCACACATG	5570	1	1.0	CCAAACTTCGTACCCCACCTACTATAACAG	1	0.9910714285714286	GATGTAAAATTCCAACGTGTGTGGTATG	{5540}
2.5453224201679636	20317	20408	91	20317	1	1.0	GTAACACATCCTATTGTGTCACTAAGCCTT	20378	1	1.0	AGGTTGCACTATGAATCTGCGCACTGATAC	1	1.0	ACTTCAGGCTTGAAACTAACTTTATGTG	{20347}
2.565364373321448	5707	5800	93	5707	1	0.9910714285714286	ACACCCGGCACTTTCATCCCGACAGAAGCT	5770	1	1.0	GTCAAACCAACAGCACCAGCATTCTTACTT	1	1.0	ATTGAGTCGCTCTCACGAGCTACCAGGC	{5737}
2.565364373321448	20273	20366	93	20273	1	1.0	CATGGATTTTGGCGAAGCCAGACTTGACAG	20336	1	0.9910714285714286	CACTAAGCCTTACTTCAGGCTTGAAACTAA	1	1.0	CCATCAATGGTAACACATCCTATTGTGT	{20308}
2.5749342433258255	4362	4456	94	4362	1	1.0	CACCTACTTTAACCACACAGGTGTTATTTC	4426	1	1.0	GTCTACTGCATGAAGTGTGATGTGTGGACT	1	1.0	GTAGCTTGTGAATATGACCCAATACAAC	{4393}
2.5749342433258255	23541	23635	94	23541	1	1.0	CCAAGTGACACCTTTCACTACACTTTTAAG	23605	1	1.0	CTGTTCTGATATACCAGGGTGACCGCGCTT	1	1.0	GTGGAATCAAACAGCGATCCAGAATTCG	{23577}
2.5932573353204815	5103	5199	96	5103	1	1.0	CCTTATGTTACCAGCTGTAGTTAGTCTGCT	5169	1	1.0	AAAAACTGGCTGGCCTTGTAATTACAATGC	1	0.9910714285714286	TCAGGCTATACAATTGGCACATATTTGT	{5137}
2.6189163730311917	4783	4882	99	4783	1	1.0	GAGATTCTAGAAAACCCAGATTATCTGGAC	4852	1	0.9910714285714286	GTAAAGTCGTGGAGTGTTTTGGGTAGAGCA	1	1.0	TTTGGATCTTTGGATTCGTAAACCCAAA	{4815}
