cost	target-start	target-end	target-length	left-primer-start	left-primer-num-primers	left-primer-frac-bound	left-primer-target-sequences	right-primer-start	right-primer-num-primers	right-primer-frac-bound	right-primer-target-sequences	num-guides	total-frac-bound-by-guides	guide-target-sequences	guide-target-sequence-positions
2.5126942636811997	5029	5117	88	5029	1	1.0	ATGCTACTACAAAACTTAAAGCCCACATGG	5087	1	1.0	CTAAATTTGTTAGTGGCAACACAGCACCGT	1	1.0	CGCTTTAAGGGTATGGAAGACTTATGGT	{5059}
2.5126942636811997	8387	8475	88	8387	1	1.0	CTAGACGTTTGCCTTACCCAGGGGTCATGG	8445	1	1.0	CATGGCACCATGGTGGTTGTTTGTAGGATA	1	1.0	ATGCAGGTTTTATGCTCGCATATGTTGG	{8417}
2.5126942636811997	10441	10529	88	10441	1	1.0	CGCTTTACACACATGACGTGTGGTGTTTAC	10499	1	1.0	AATACATGACAGCCAACAATCTGACTGCAC	1	1.0	CAATTTGCTGTATCAGCAGCTGAGTTGA	{10471}
2.5126942636811997	15248	15336	88	15248	1	1.0	GTACAAGAGTTCAGCAATTGGTTCAGCTGA	15306	1	1.0	TCTGATTGGTCTAACGTTGAAGACTACAGG	1	1.0	TGTGGAAGATTTTAATCGTTTGTCTATG	{15278}
2.5239433771173467	8710	8799	89	8710	1	1.0	GATTATCGTATGGCTTGCTATGCCCATTTA	8769	1	1.0	CCGTAATGATATGCTTTATACACCACCTAC	1	1.0	GCTAAGGCTTTAATGGATTATGGCAATA	{8740}
2.5239433771173467	11335	11424	89	11335	1	1.0	GAAGTAAGAGATGCTAACAGTGCTGTTGTG	11394	1	1.0	ACAAAATATGTGCTGGCCTCTTACTGTAAC	1	1.0	CACCTTAAGGAAGTTACACAACACAATG	{11365}
2.534811090344213	1072	1162	90	1072	1	1.0	GTAAGGTTATAGGTGTGTCTCTAGGTAATG	1132	1	1.0	AGGGTTGTGGCAATGGTACTAAGTTTTATG	1	1.0	CTGCAGTTGGTGAGGCTGTTGTTACATC	{1102}
2.5453224201679636	4653	4744	91	4653	1	1.0	CTCTGTGTTCGTATACACAGAAGAGGAGCA	4714	1	1.0	GTCACAGTTCTTTTAGAAGACGGCCCTAGT	1	1.0	GAGTAAAGTTTTACAGTACTTTGAGACA	{4683}
2.5932573353204815	866	962	96	866	1	1.0	GCTAAGTTCTAAGGTTGTACTTTCTCAACC	932	1	1.0	TATGCAAAACGGTGACAACCTCCACGGTTG	1	1.0	TTGCTGACATGTATAAGCACTTTGGTTC	{898}
2.6020405378427527	734	831	97	734	1	1.0	GGACGTCGAACGCGATCTTGATGTAACCCA	801	1	1.0	TACTTACAGGATAAAGACCACAAGCTTCCT	1	1.0	GACTTTTCTCAACATAAAGTCTATAATG	{773}
2.6105894934871645	26783	26881	98	26783	1	1.0	CTGGGTTGGAAAGAATGGTGCTAAAACTGT	26851	1	1.0	CTCTTGACCTTAAATTTGATGGTAACGTGC	1	1.0	ACAGGATTAGGAACGCGTGGCACCAACC	{26817}
2.6189163730311917	7320	7419	99	7320	1	1.0	AACTGTTGCTATTGGTCGTAAAAGTGGTTC	7389	1	1.0	AATGCTCATTGTTGCAGTCTTGTTAGCATG	1	1.0	TTGATGTGTACCGTGAGTTTAAACAAGT	{7358}
2.6189163730311917	27804	27903	99	27804	1	1.0	GCATCAACATCCCACATACAACTGGGAAAG	27873	1	1.0	ATCTGTGGTTTTATCATTACCACTTGACGC	1	1.0	TTGAAGGTTCCTACATCGAAATTGATAA	{27845}
2.6237942636811997	10500	10588	88	10500	1	1.0	ATACATGACAGCCAACAATCTGACTGCACC	10558	1	1.0	AGCTCAAAATTGGTTGGCATTGGCGGCAAC	2	1.0	ACGCAATGCTTATGACGCAATGGTTTTA ACGTAATGCTTATGAAGCAATGGTTTTA	{10530} {10530}
2.6237942636811997	26650	26738	88	26650	1	1.0	ATTGGAATAGACAACAACGTTACCGCATTC	26708	1	1.0	CAGGTGGTTTTTCTACTACCTAGGAACTGG	2	1.0	AAAAGGGTCAAAAAGTGGACTTACCAGA AGAAAGGTCAAAAAGTGGAATTACCAGA	{26680} {26680}
2.6349480554261384	10175	10276	101	10175	1	1.0	CCCAATGGTACTATTATCTTAGAGGCTTAG	10246	1	1.0	ATGATGCTAGTGTGCTTGATGACTAAGGAT	1	1.0	TCTACAGTTTGGTTATGTTAATCTTGGT	{10218}
2.645911090344213	6580	6670	90	6580	1	1.0	CACACTGTACATGCTACAGATGTGTCTTTT	6640	1	1.0	GGGTTTTATAGACTTTACACTGGTGATGAG	2	1.0	AAAGAGGTAGATAAAGTTGAGTGTTCAG AAGAGGTAGATAAAGTTGAGTGTTCAGA	{6610} {6611}
2.6502160284948064	26441	26544	103	26441	1	1.0	GGCTGGAAACGGACAACGTGTTAACTGGGG	26514	1	1.0	CGTTCCCGCCGTAATGCTGATATACCATTG	1	1.0	AACCTGCTCCTTCACAGAAGCGTGGTCG	{26476}
2.6666	4717	4809	92	4717	1	1.0	ACAGTTCTTTTAGAAGACGGCCCTAGTGTT	4779	1	1.0	TGACTCACAACTGGCTTCTAAGGTTGTTAA	2	1.0	AAGTAGTTTTAGAGCCAGTAGTAGCTAT CAGAAAGTAGTTTTAGAACCAGTAGTAA	{4751} {4747}
2.6718354666358684	8944	9050	106	8944	1	1.0	CATGTCATTGCAAGTGACACTTCAAAACCT	9020	1	1.0	CAATTTCTAAGGGCAATGACTTTTTGGGTG	1	1.0	ATTAATTATGACACCGAACTCTTGGGAG	{8974}
