cost	target-start	target-end	target-length	left-primer-start	left-primer-num-primers	left-primer-frac-bound	left-primer-target-sequences	right-primer-start	right-primer-num-primers	right-primer-frac-bound	right-primer-target-sequences	num-guides	total-frac-bound-by-guides	guide-target-sequences	guide-target-sequence-positions
3.3125110903442128	12293	12473	180	12293	1	1.0	TTCTGGTAGTGGTCAGGCTATTACTAGTAC	12443	1	1.0	AGTGCCTATAGGTACAAATGACCCTATAAG	4	1.0	GTTTTTGTCAGTATAAGGGCAAGTGGGT TTTCTGTCAGTATAAAGGCAAGTGGGTA TTTTGTCAGTATAAAGGTAAGTGGGTAC TTTTTGTCAGTATAAAGGCAAGTGGGTA	{12412} {12413} {12414} {12413}
3.565364373321448	12380	12473	93	12380	2	1.0	CAGAGCACATGTTGCACATCCAACCATGGA CAGGGCACATGTGGCACACCCAACTATGGA	12443	1	1.0	AGTGCCTATAGGTACAAATGACCCTATAAG	4	1.0	GTTTTTGTCAGTATAAGGGCAAGTGGGT TTTCTGTCAGTATAAAGGCAAGTGGGTA TTTTGTCAGTATAAAGGTAAGTGGGTAC TTTTTGTCAGTATAAAGGCAAGTGGGTA	{12412} {12413} {12414} {12413}
3.615090556965433	26845	27014	169	26845	2	1.0	CATAGAATCGCTTCAGGTATTCAGGTTCAT CATAGATTGGCTTCAGGTGTTCAGGTTCAT	26984	1	1.0	GAGTAAAACACGGTGACTTTTCTGCAGTGA	1	1.0	TACTATAATTTATAGTAGAGTCGGAAGG	{26913}
3.6888006335339796	5746	5903	157	5746	2	1.0	AACGTGACGGTGTGCAAGTTGGTTACTGTG AACGTGATGGTGTGCAAGTTGGTTATTGTG	5873	1	1.0	TTTGAGTGGTGTTGCTTACACTGCTTTTTC	2	1.0	ACCATGGTGTTAAGTATTACTCACGAGT CCCATGGTATTAAGTACTATTCACGTGT	{5776} {5776}
3.698564845367944	12643	12803	160	12643	2	1.0	CCGTGCATTTGACGTTTACAACAAAGACGC CCGTGCATTTGACGTTTACAATAAAGATGC	12773	1	1.0	ATGGACCACGAGCAGTCCATGTATAACTTA	2	1.0	CGGCAAGAATTTGAAGTCCAATTGTGTG TCCAATTGTGTGCGCTTCAAGAACGCAG	{12682} {12698}
3.9721337616452863	26988	27214	226	26988	1	1.0	AAAACACGGTGACTTTTCTGCAGTGAGCTC	27184	2	1.0	CTTGGAAAGTGATACCACGTGACTTGGTAC CTTGGAAGGTGATACCTCGTAATTTGGTAC	3	1.0	CACAGAGCAATATGACAGAAAATGAGCG CTTACTCTCTTTATAGCCCTTTGCTTGT GGCTGATGCGTCTGAACCACAACGTGGT	{27020} {27142} {27098}
4.019434243325826	211	305	94	211	3	1.0	CTACAAACGCCTTACTCGAGGTTCTGTCTC CTATAAACGCCCTACTCGAGGTTCTGTCTC CTATAAACGCCTTACGCGAGGTTCTGTCTC	275	1	1.0	AAACCAGTAACTGTTCCTAATGGCCTGCAA	2	1.0	GGGTTTGTGTGGAAGCAAAGTTCCGTCT GTGTTTGTGTGGAAGCAAAGTTCTGTCT	{241} {241}
4.103801953228442	12293	12530	237	12293	1	1.0	TTCTGGTAGTGGTCAGGCTATTACTAGTAC	12500	2	1.0	AGTCTGTGGTTGCTGGCTCAATCATGGTTG AGTTTGTGGTTGTTGGCTTAATCATGGCTG	4	1.0	GTTTTTGTCAGTATAAGGGCAAGTGGGT TCAGTATAAAGGCAAGTGGGTACAAGTG TTTTGTCAGTATAAAGGTAAGTGGGTAC TTTTTGTCAGTATAAAGGCAAATGGGTA	{12412} {12419} {12414} {12413}
4.109189758004454	12233	12473	240	12233	2	1.0	TGATGCTGTTAAACAAGGCGCAAAACCTGT TGATGCTGTTAGACAAGGTGCAAAACCCGT	12443	1	1.0	AGTGCCTATAGGTACAAATGACCCTATAAG	4	1.0	GTTTTTGTCAGTATAAGGGCAAGTGGGT TTTCTGTCAGTATAAAGGCAAGTGGGTA TTTTGTCAGTATAAAGGTAAGTGGGTAC TTTTTGTCAGTATAAAGGCAAGTGGGTA	{12412} {12413} {12414} {12413}
4.157640537842753	26880	27014	134	26880	3	1.0	ACCTGAACACATGACAGTTGCCGTGCCGAG ACCTGAATACATGACAGTTGCCGTGCCGAG ACCTGAGTACATGTCGGTTGCCGTGCCGAG	26984	1	1.0	GAGTAAAACACGGTGACTTTTCTGCAGTGA	1	1.0	TACTATAATTTATAGTAGAGTCGGAAGG	{26913}
4.1793942636812	26676	26764	88	26676	2	1.0	AAACAGTTTCAGACTTTTCCGCCGTGCTCG AAATAGTTTCAGACTTTTCCGACGTGCTCG	26734	2	1.0	AATGCAATCACAGTCACAACCGTGCTGGGA AATGCAATCACTGTCACAACCGTGTTGGGA	4	1.0	AACTTTTTGGGCATGGAACCCGGAAGTG AACTTTTTGGGCATGGAATCCGGAAGTG AACTTTTTGGGCATGGAATCCTGAAGTG AACTTTTTGGGCATGGAATCCTGAGGTT	{26706} {26706} {26706} {26706}
4.371057335320482	281	413	132	281	1	1.0	GTAACTGTTCCTAATGGCCTGCAACCGTGT	383	3	1.0	CTATAGCGAGGCCGCTAGCAATGGATTTAG TTATAGCGAGGCCGCTAGCAATGGTTTTAG TTATAGCGAGGCCGCTGTCAATGGTTTTAG	3	1.0	CGTAGCAAGTGATACTGAAATTTCTGCA GATTCTGAAATTTCTGGAACTGGCTGTG GCTGTTCTACTATTGCGCAAGCCGTCCG	{320} {330} {352}
4.435385705661208	9651	9799	148	9651	3	1.0	CGAGGTTCATTTATTAATGGTGCATGTGGT CGTGGTTCATTCATTAATGGTGCATGTGGC CGTGGTTCATTTATTAATGGTGCGTGTGGT	9769	1	1.0	GCTTTGATGGTGTTATGTATGGTGGTTTTG	3	1.0	CTATAACCTTAAAAATGGCGAGGTGGAG CTGGTTACAATCTTAGAGGTAGCGAGGT TATAATCTTAAAAATGGCGAAGTGGAAT	{9689} {9685} {9690}
4.435385705661208	26751	26987	236	26751	2	1.0	AACCGTGCTGGGACAGACGTACTACCAACC AACCGTGTTGGGACAGACATACTATCAACC	26957	2	1.0	ACAACACAGGTTGGATGTTTTATGTCAGAG ACAGCACAGGCTGGGTTTTCTACGTACGAG	1	1.0	TACTATAATTTATAGTAGAGTCGGAAGG	{26913}
4.469888527362399	5881	6039	158	5881	1	1.0	GTGTTGCTTACACTGCTTTTTCTGGACCTG	6009	3	1.0	TCAGTTGTTATGGTAGGGGGTTATGTGGCT TCAGTTGTTATGGTGGGAGGCTATGTCGCA TCAGTTGTTATGGTTGGTGGTTATGTTGCA	3	1.0	ACACTGTAAAGAAATCAATGTATGATGG CGTTTTGTCAAACATGATCTTTCTCTGT TGTTTATGATGCTGCTAAAAAGTCAATG	{5938} {5970} {5930}
4.485840417140111	281	444	163	281	1	1.0	GTAACTGTTCCTAATGGCCTGCAACCGTGT	414	3	1.0	GCATGCCGATTTGTTTCATTAGATTTGCAG GCATGCCGATTTGTTTCATTTGGCTTGCAT GCATGCCGATTTGTTTCATTTGGTTTGCAA	3	1.0	CGTAGCAAGTGATACTGAAATTTCTGCA CTACCATTGCGCAAGCCGTCCGCCGCTA GATTCTGAAATTTCTGGAACTGGCTGTG	{320} {358} {330}
4.488937705370951	25275	25439	164	25275	2	1.0	CAAGTGGCCGTGGTGGGTGTGGTTGTGCAT TAAGTGGCCATGGTGGGTGTGGTTGTGTAT	25409	2	1.0	GCGAATCAACTAAACTTCCTTATTACGACG GTGAGTCAACTAAACTTCCTTATTACGACG	3	1.0	TGGTGAGTATGTTGCTACTATGTTGTTG TGTGGCTGTTGTAGTTGTTTATCGTCGT TTAGTTGTCTTGCATCTTCTACTAGAGG	{25325} {25366} {25376}
4.523848055426138	26694	26918	224	26694	1	1.0	CCGACGTGCTCGAACTTTTTGGGCATGGAA	26888	3	1.0	ACATGACAGTTGCCGTGCCGAGCACTACTA ACATGACAGTTGCCGTGCCTAGTACTACTA ACATGTCAGTTGCCGTGCCGAGCACTACTA	2	1.0	GAGGTGAATGCAATCACAGTCACAACCG TGCTTTACGTGGACGGACATAGATTGGC	{26728} {26828}
4.565364373321448	12113	12305	192	12113	3	1.0	TGTTTTGGGTTACATAGGCGCTACTGTGAG TGTTTTGGGTTACATCGGTGCTACTGTTAG TGTTTTGGGTTACATTGGTGCCACTGTGAG	12275	1	1.0	AAAGATGTTGACTAATGGTTCTGGTAGTGG	3	1.0	CAGACTGAGTTTGTTTCAAATTCCCATT GAGTTCGTTTCAAATTCTCATTTATTAA GGCTGGTAAACAAACTGAGTTTGTTTCA	{12159} {12165} {12149}
4.580988527362399	12380	12538	158	12380	2	1.0	CAGAGCACATGTTGCACATCCAACCATGGA CAGGGCACATGTGGCACACCCAACTATGGA	12508	2	1.0	GTTGCTGGCTCAATCATGGTTGTACTTGTG GTTGTTGGCTTAATCATGGCTGTACATGTG	4	1.0	GTTTTTGTCAGTATAAGGGCAAGTGGGT TCAGTATAAAGGCAAGTGGGTACAAGTG TTTTGTCAGTATAAAGGTAAGTGGGTAC TTTTTGTCAGTATAAAGGCAAATGGGTA	{12412} {12419} {12414} {12413}
