cost	target-start	target-end	target-length	left-primer-start	left-primer-num-primers	left-primer-frac-bound	left-primer-target-sequences	right-primer-start	right-primer-num-primers	right-primer-frac-bound	right-primer-target-sequences	num-guides	total-frac-bound-by-guides	guide-target-sequences	guide-target-sequence-positions
2.5126942636811997	490	578	88	490	1	1.0	GCCGTAAAGTCCGGTACGGCAATTTTAATT	548	1	1.0	TTCCTAAAGGGTATGTTATGGGCTTGTTCC	1	1.0	AAATCACCTTTGCATAGCTTGGGTGGTT	{520}
2.5126942636811997	1001	1089	88	1001	1	1.0	GTGACTTTGATATTGTAGTGGCTTGGCATG	1059	1	1.0	CCTGCAGACTATAGCTACTATTTGTGGTAT	1	1.0	TAGTTCGTGATTCACGATTTGTTATGCG	{1031}
2.5126942636811997	2594	2682	88	2594	1	1.0	TTTGTCTTTTAGATCAGGCTTGGCGTTTTC	2652	1	1.0	CGAGAAACCTGTTGTTATGGAGATTCCGTC	1	1.0	CATGTGCAGGTAGAAAAGTTAATTTTAA	{2624}
2.5453224201679636	1347	1438	91	1347	1	1.0	GGATGGTTTTTCTTGTCCATTGTGTTGTAC	1408	1	1.0	TCATCTGGTGTTATTCCTGAAAATCCTGTG	1	1.0	TTATGACTCTAGCGAAGTTAAAGCCCAA	{1380}
2.565364373321448	2541	2634	93	2541	1	1.0	CATGGGTAAGTGTGGTGATAAATTTTTCCC	2604	1	1.0	AGATCAGGCTTGGCGTTTTCCATGTGCAGG	1	1.0	TCATGAATGATAAAAATATTTGTCTTTT	{2576}
2.5842266863651715	1257	1352	95	1257	1	1.0	GTGTGATTGTGGTTTTGTTATGCAGTATGG	1322	1	1.0	ATGGTTGGGTTTCAGGTAATATGATGGATG	1	1.0	GTAGATTGTTTTAATGATAATTGTGATT	{1291}
2.5842266863651715	9781	9876	95	9781	1	1.0	CACCACATCCTTATTGTTATTCAGATGGTG	9846	1	1.0	CCACATACACGTTATAGCCTTGCTAATTCT	1	1.0	GAATGCTTCTTTGTATACATCTTTGGTT	{9818}
2.5932573353204815	1730	1826	96	1730	1	1.0	GTAGGCAACTGTTGCTTAATAGAGGTGATT	1796	1	1.0	AGCGTCGTGCTGATTTTGCTTGCAAGTTTG	1	1.0	GCTTTTAAAAAATATTGACTTGTTTGTT	{1767}
2.6237942636811997	29471	29559	88	29471	1	1.0	GGCTATTATGTTGAAGGCTCAGGAAGGTCT	29529	1	1.0	CTCAATCACGTGGACCCAATAATCGTTCAT	2	1.0	GCTTCTAATAGCCGGCCAGGTTCACGTT GCTTCTAATAGTCGACCAGGTTCACGTT	{29501} {29501}
2.6349480554261384	29529	29630	101	29529	1	1.0	CTCAATCACGTGGACCCAATAATCGTTCAT	29600	1	1.0	GTAAAACCTGATATGGCTGATGAGATTGCT	1	1.0	TAAGTAGAAGTAATTCTAATTTTAGACA	{29559}
2.645911090344213	969	1059	90	969	1	1.0	GAGACAAAAGCAGTCTGTATGGCTTGCCAA	1029	1	1.0	TGTAGTTCGTGATTCACGATTTGTTATGCG	2	1.0	TTGCGACTTTGATATTGTAGTGGCTTGG TTGTGACTTTGATATTGTAGTGGCTTGG	{999} {999}
2.6502160284948064	2769	2872	103	2769	1	1.0	GGGTGTTACTGTAGATGATTTTGTTGCTGT	2842	1	1.0	CATCCAGTGGTTGGTTATCAAGTTCGTGCA	1	1.0	AGAGAATGCTTTAAACTCTTGTAAAGAG	{2814}
2.6502160284948064	6910	7013	103	6910	1	1.0	CTGGTGATGTTGTTTTGGCATCTGATGATT	6983	1	1.0	GCCTGTTATTTGGTTTTGTCATGATGAAGC	1	1.0	GAAACGTTATTTTAAAGGATGTGAAACT	{6947}
2.685478667660241	4599	4707	108	4599	1	1.0	GCAGCGGACTTACCTTGTACATTACATTTT	4677	1	1.0	TTTATTGCTGCATGTGCTGTGGATGTAAAC	1	1.0	TCATTATTTGATGACAATTTTTGTGCTT	{4629}
2.6920885273623996	9273	9382	109	9273	1	1.0	CCCTTTTCACTTAAAGGAGGTGTTGTATTG	9352	1	1.0	TATTGTGGGCTTTACTGCCTACATATAGTG	1	1.0	AGTAATTTGTTATATATATTATTTTTTA	{9303}
2.704912910986066	11391	11502	111	11391	1	1.0	GTTATTGCTTGGCTCTATGCAGCTATACTT	11472	1	1.0	AATGTTTGGGCTATGGCAAATGGTTTTAGC	1	1.0	GTGCTTGGTTTGTACAAAATGATGTTTG	{11428}
2.7172439250039426	1789	1902	113	1789	1	1.0	TTTGTTAAGCGTCGTGCTGATTTTGCTTGC	1872	1	1.0	TCCCCGTAGTTATTATCTAATTCAGAGTGG	1	1.0	AAGTTTGCAGTTTGTGGAGATGGTTTTG	{1819}
2.7405681611474058	892	1009	117	892	1	1.0	GACCAGTATGGTTGTGACTATTCTGGTAAA	979	1	1.0	CAGTCTGTATGGCTTGCCAATTGTGACTTT	1	1.0	AGCAGATTGTCTTCAAGCTTATGGTCAT	{924}
2.7405681611474058	2914	3031	117	2914	1	1.0	GAGGCTGGTGATGAAGCAATGGCCTCTCGT	3001	1	1.0	GAAGATACTATTGATGGTGTCGTTGAAGAC	1	1.0	ATGTATTGTACTTTTGCTATTGAGGATG	{2944}
2.7460480554261384	2343	2444	101	2343	1	1.0	CGTTAGTACAGGGTTAATTCCTGGTTTTGT	2414	1	1.0	AAGGCGTTGCAGAATCTGTTATAGTAGAAG	2	1.0	GCACAGAAACAACAAATTTATTTTTTTG TAATGCACAGGAGCAACAAATTTATTTT	{2386} {2382}
