cost	target-start	target-end	target-length	left-primer-start	left-primer-num-primers	left-primer-frac-bound	left-primer-target-sequences	right-primer-start	right-primer-num-primers	right-primer-frac-bound	right-primer-target-sequences	num-guides	total-frac-bound-by-guides	guide-target-sequences	guide-target-sequence-positions
2.5126942636811997	1198	1286	88	1198	1	1.0	TTCTGAGAGTTGGAGTGTTGGTGCATGGGA	1256	1	1.0	CCTGCTAAGAAACTTTGTGTTGTTCCTGGT	1	1.0	TGGTTACTTATCTTCTTGTTGTGGCACA	{1228}
2.5126942636811997	8550	8638	88	8550	1	1.0	GTTACATTTGTGGTGATGGTCTTATAGACC	8608	1	1.0	TTCATCTTTTAGCGTTGTGGCTATGTCTGG	1	1.0	TTCTTGTTAATGTACTCTCAATCTTTAG	{8580}
2.5126942636811997	14492	14580	88	14492	1	1.0	TTTCAGCCATGGTGTTGGGCTCTAAGCATG	14550	1	1.0	TTATAGGCTTGGTAATGAGTTGGCACAAGT	1	1.0	TTAATTGTTGTACTGTAACAGATAGGTT	{14522}
2.5126942636811997	26199	26287	88	26199	1	1.0	GTACCACAATTGTTTGTGACCGTGTTGGTC	26257	1	1.0	TTGGGCATTCTACGTCCGTGCTAAACATGG	1	1.0	GTTCTGTTAATGAAACAAGCCAGACTGG	{26229}
2.5126942636811997	26702	26790	88	26702	1	1.0	TCTTGGTAATCGCAAACGTAATCAGAAACC	26760	1	1.0	CCTCCAGAGCTCTCTGTTGTTGAGTTTGAG	1	1.0	TTTGGAACCAAAGTTCTCTATTGCTTTG	{26732}
2.5126942636811997	26840	26928	88	26840	1	1.0	CAACTCACGAGACTCTTCTCGTAGCACTTC	26898	1	1.0	TCTAACCAGTCTTCTTCAGATCTTGTTGCT	1	1.0	AAGACAACAGTCTCGCACTCGTTCTGAT	{26870}
2.5126942636811997	26905	26993	88	26905	1	1.0	AGTCTTCTTCAGATCTTGTTGCTGCTGTTA	26963	1	1.0	TAACCAGTCGAAGTCACCTAGTTCTTCTGG	1	1.0	CTTTGGCTTTAAAGAACTTAGGTTTTGA	{26935}
2.5126942636811997	26991	27079	88	26991	1	1.0	GGTACTTCCACTCCTAAGAAACCTAATAAG	27049	1	1.0	CTTCTCAGTTGAAGAAACCTCGTTGGAAGC	1	1.0	CCTCTTTCTCAACCCAGGGCTGATAAGC	{27021}
2.5126942636811997	27041	27129	88	27041	1	1.0	TGATAAGCCTTCTCAGTTGAAGAAACCTCG	27099	1	1.0	AATGTTATTCAGTGCTTTGGTCCTCGTGAT	1	1.0	TTGGAAGCGTGTTCCTACCAGAGAGGAA	{27071}
2.5126942636811997	27092	27180	88	27092	1	1.0	AGAGGAAAATGTTATTCAGTGCTTTGGTCC	27150	1	1.0	TCAGATCTTGTTCAGAATGGTGTTGATGCC	1	1.0	TCGTGATTTTAATCACAATATGGGGGAT	{27122}
2.5453224201679636	8117	8208	91	8117	1	1.0	CGTATTAATGTTGTTCCTGGTGTTCCAACA	8178	1	1.0	TTACATTACAGGCTGCTTTTGGAAACACAG	1	1.0	ATGTATATTTGGTAGGAAAGACTCTTGT	{8148}
2.5453224201679636	26018	26109	91	26018	1	1.0	GAAACTAATGCAATCATCTCTCTCCAGGTT	26079	1	1.0	CTGCACCTACAGGTGTTACATTAACACTTC	1	1.0	GGACATAATTATTACTTACCGGTGATGG	{26051}
2.5555	5409	5501	92	5409	1	1.0	CTTTGGATGTAAAGCCATATGGTTACCCTA	5471	1	1.0	ACCACCGACAATAATTGTTGGGTTAATGCA	1	1.0	ATGATTTTGTTGGTGGTTTTAGAGTTCT	{5439}
2.565364373321448	480	573	93	480	1	1.0	CTGTTGCAAGTGATTCGGAAATTTCAGGTT	543	1	1.0	CTTATAGCGAAGCCGCTGCACAAGGTTTTC	1	1.0	TTGGTTTTGCCATTCCTTCTGTAGCCGT	{510}
2.565364373321448	11892	11985	93	11892	1	1.0	GCAAAAACCTATGAAAGCTGAGGGTGATGG	11955	1	1.0	TACTGAGGGTGGTAAAACTTTTATGTACGC	1	1.0	TGGTGTTTTAGGTGATGGTAATGCCTTG	{11922}
2.5749342433258255	23459	23553	94	23459	1	1.0	TGTTGCTGATGCTGAACGTATGGCCATGTA	23523	1	1.0	GGTCTTACATCAGCAGCCGCCATACCTTTT	1	1.0	TACAGGTTCTCTTATAGGTGGCATGGTG	{23489}
2.5749342433258255	26666	26760	94	26666	1	1.0	GGTTGCTAAGGAAGGTGCTAAAACTGTTAA	26730	1	1.0	CCTTTGGAACCAAAGTTCTCTATTGCTTTG	1	1.0	CAGTCTTGGTAATCGCAAACGTAATCAG	{26699}
2.6189163730311917	27206	27305	99	27206	1	1.0	GATTCCTAATCAGGCTGCGTTATTCTTTGA	27275	1	1.0	GATTACCTACACCTACAAAATGCTTGTAGC	1	1.0	GTGAGGTTAGCACTGATGAAGTGGGTGA	{27238}
2.6349480554261384	25344	25445	101	25344	1	1.0	GTAAGGTTGACTTGTATAATGGTGCTGTCA	25415	1	1.0	TCTTCTCAACTATACGAAGATGTTCCTTCG	1	1.0	CGAAGAGCCTGTTGTTGGTATAGTTTAC	{25387}
2.6349480554261384	25771	25872	101	25771	1	1.0	GTTGCAGTATGGGCATTATAAGTATAGCAG	25842	1	1.0	GGCCACTTGTTCTAGCTTTGTCTATTTTTG	1	1.0	TGGTTTAAAGATGTCTGTTTTATGGTGT	{25810}
