cost	target-start	target-end	target-length	left-primer-start	left-primer-num-primers	left-primer-frac-bound	left-primer-target-sequences	right-primer-start	right-primer-num-primers	right-primer-frac-bound	right-primer-target-sequences	num-guides	total-frac-bound-by-guides	guide-target-sequences	guide-target-sequence-positions
2.6647897580044537	16939	17044	105	16939	1	0.9963833634719711	GGTGGTATGAGCTACTTTTGTGTAGATCAT	17014	1	0.9909584086799277	GGCTTATACAAGAATATGTGCACAGGTAGT	1	0.9855334538878843	ACCTGTGTGTAGTTTTCCACTTTGCGCT	{16971}
2.8797857056612073	18064	18212	148	18064	1	0.9909584086799277	GTGCTACAGGTGTCCTAAGGAAATAGTAAG	18182	1	0.9909584086799277	GTGACGCATGATGCTAGCTCTGCCATTAAT	1	0.9819168173598554	TAATAAATTGTTAGCCAAGAAGGTGCTT	{18118}
3.0121837571683643	20188	20381	193	20188	1	0.9909584086799277	AGTCAATGATAAGATCTTCACCAAGAGTGG	20351	1	0.9909584086799277	TACAAGTTCGTCCTTTGGGATTATGAACGT	1	0.9819168173598554	TTGTATGTTTGAGAATAAAACCACTTTG	{20230}
3.024014134296109	29540	29738	198	29540	1	0.9909584086799277	GCTGGGTATTGGCGGAGACAGGACAGAAAA	29708	1	0.9909584086799277	GCTCCTTCAACTTTTGGGACGCGGAACCCT	1	0.9801084990958409	CCCGAAGCAGCACTCCCATTCCGGGCTG	{29636}
3.035423411032158	19560	19763	203	19560	1	0.9945750452079566	TTGATGACCCTGTGGTTGATTGGCATTATT	19733	1	0.9909584086799277	ACACGTGTGCATTCTGAGTTCAATTTGCCA	1	0.9837251356238698	TGCACAGCCCTTGACCAGGAAGGTACAA	{19594}
3.077387395870145	18064	18287	223	18064	1	0.9909584086799277	GTGCTACAGGTGTCCTAAGGAAATAGTAAG	18257	1	0.9909584086799277	GCATGGAGTAAGGCAGTCTTTATTTCGCCT	1	0.9819168173598554	TAATAAATTGTTAGCCAAGAAGGTGCTT	{18118}
3.2320643733214482	19560	19653	93	19560	1	0.9945750452079566	TTGATGACCCTGTGGTTGATTGGCATTATT	19623	2	0.9927667269439421	AGCTTTTCTACACAGAGGATATGGCCTCTA AGCTTTTCTATACAGAGGACATGGCCTCAA	1	0.9837251356238698	TGCACAGCCCTTGACCAGGAAGGTACAA	{19594}
3.362026686365171	8045	8140	95	8045	2	0.9927667269439421	CATTCTGTCGCAAGCATAATTGGAATTGTG CATTCTGTCGTAGGCATAATTGGAATTGTG	8110	1	0.9909584086799277	ATCTGTGAAGAAGTCGCAAATGACCTCACT	2	0.9819168173598554	TGGATTGTGACGCTGCAGGTGTGGGGAA TGGATTGTGATATTGCAGGTGTGGGGAA	{8075} {8075}
3.395818128345179	18064	18179	115	18064	1	0.9909584086799277	GTGCTACAGGTGTCCTAAGGAAATAGTAAG	18149	2	0.9909584086799277	GGACAGTGTTTCAAAATACTCTATAAGGGC GGCCAGTGCTTTAAAATACTCTATAAGGGC	1	0.9819168173598554	TAATAAATTGTTAGCCAAGAAGGTGCTT	{18118}
3.4015942636811993	20188	20304	116	20188	1	0.9909584086799277	AGTCAATGATAAGATCTTCACCAAGAGTGG	20274	2	0.9909584086799277	TTGAACTCTATGCGAAGCGTGCTGTTCGCT TTGAACTCTATGCTAAGCGTGCTGTACGCT	1	0.9819168173598554	TTGTATGTTTGAGAATAAAACCACTTTG	{20230}
3.4237110903442125	14747	14867	120	14747	1	0.9945750452079566	AGTGGCCACTTACTGAGTATGATTTTACTG	14837	2	0.9927667269439421	ATTGCGTGAATTGTGCTGATGACCGTTGTG ATTGCGTTAATTGTACTGATGACCGTTGTG	1	0.9963833634719711	ATTATAAGGTACAACTCTTTGAGAAGTA	{14777}
3.429009836406473	16230	16351	121	16230	2	0.9909584086799277	CGGTGTCGTTTGCTATAATAGTGATTATGC TGGTGTTGTCTGCTATAACAGTGACTATGC	16321	1	0.9909584086799277	GTCTTTATGTCTGAAGCTAAATGCTGGGTG	1	0.9855334538878843	TAAGGGTTACATTGCTGGAATACAGAAT	{16263}
3.439351599001681	14052	14175	123	14052	1	0.9927667269439421	CTGCAACTATAAGGCTAAGGTTGCTGGTAT	14145	2	0.9945750452079566	AGACTCCTATTTTGTCGTTAAGAGGCATAC AGACTCCTATTTTGTGGTTAAACGCCACAC	1	0.9873417721518988	TGTAGAATTAGATGACCAAGGGCATCAT	{14115}
3.439351599001681	19560	19683	123	19560	1	0.9945750452079566	TTGATGACCCTGTGGTTGATTGGCATTATT	19653	2	0.9945750452079566	GATTTGCTGATGGGCTCTGCTTATTTTGGA GATTTGCTGATGGTTTGTGCTTGTTCTGGA	1	0.9837251356238698	TGACCAGGAAGGTACAACAGCTTTTCTA	{19605}
3.463834243325825	2846	2974	128	2846	2	0.9909584086799277	TACCGACTCTCTTTAGACTTAAGGGAGGTG TACCTACCTTATTCAAACTTAAGGGTGGTG	2944	1	0.9909584086799277	GTCGAGTACAACATTCATGCTGTATTAGAC	1	0.9837251356238698	CCTGTAAAAAAAGTAGCCTTTGGCGGTG	{2878}
3.5036799693424068	10842	10979	137	10842	2	0.9909584086799277	CTAACCCGAGTACACCTGCCTACACTTTCA CTAACCCTAGCACTCCAGCCTACACTTTTA	10949	1	0.9909584086799277	ATGCGCCCTAACTACACAATTAAGGGTTCC	1	0.9819168173598554	CAACAGTGAAACCTGGCGCAGCATTTAG	{10872}
3.515932422683972	13766	13906	140	13766	2	0.9945750452079566	GAACATCCTGATGTCTCTGGTGTTTGTAAA GAACATCCTGATGTTTCTGGCGTTTGTAAA	13876	1	0.9909584086799277	TGTCTGTCAATATTGGATTGGATATGGGTG	1	0.9873417721518988	CTGTGGGATTTTGTTTGTCAAATACCCC	{13842}
3.5277337616452864	16901	17044	143	16901	2	0.9927667269439421	CTGGTTGTGACGTTTCAGATGTTACTAAAC CTGGTTGTGGCGTTTCAGACGTTACTAAGC	17014	1	0.9909584086799277	GGCTTATACAAGAATATGTGCACAGGTAGT	1	0.9927667269439421	TTTGTGTAGATCATAGACCTGTGTGTAG	{16955}
3.5277337616452864	19620	19763	143	19620	2	0.9927667269439421	AACAGCTCTTCTACACAGAGGATATGGCCT AACAGCTTTTCTATACAGAGGACATGGCCT	19733	1	0.9909584086799277	ACACGTGTGCATTCTGAGTTCAATTTGCCA	1	0.9891500904159132	CAAGATTTGCTGATGGGCTCTGCTTATT	{19650}
3.5315729313414406	18261	18363	102	18261	1	0.9927667269439421	GGAGTAAGGCAGTCTTTATTTCGCCTTATA	18333	2	0.9909584086799277	CACAAACTGTAGACTCATCACAGGGTTCAG CTCAGACTGTTGATTCCTCACAGGGTTCAG	3	0.9909584086799277	CTGTGGCTCGTTCAATGCTGGGCCTTAT GAATGCTGTGGCTCGTTCAATTCTGGGT TCACAGAATGCTGTGGCTCGTTCAATGC	{18303} {18298} {18293}
