cost	target-start	target-end	target-length	left-primer-start	left-primer-num-primers	left-primer-frac-bound	left-primer-target-sequences	right-primer-start	right-primer-num-primers	right-primer-frac-bound	right-primer-target-sequences	num-guides	total-frac-bound-by-guides	guide-target-sequences	guide-target-sequence-positions
2.5126942636811997	102	190	88	102	1	1.0	TTGAAATTTCCCTAGGTTACCACCATCCCG	160	1	1.0	CTCGCACTGTTCCGTCAGTGCTTAAACCAC	1	1.0	GCCCAAGTGTCGTGTCATTCAGTGGTCC	{132}
2.5126942636811997	19834	19922	88	19834	1	1.0	GGCATTCTTAAGGTCGAGGAGTTTGTGCAT	19892	1	1.0	CTGTCACTTATGTTGATAACCCTTCATCCA	1	1.0	ACTGGTGATAGTTCACTACGTTGCGCAT	{19864}
2.5126942636811997	25469	25557	88	25469	1	1.0	TGGTGTATTGTCCACTTATCGCTTATTGTG	25527	1	1.0	TACTGCATTGCTTGTTAGGTTCTTTTGGAC	1	1.0	GCGCTTATTTGGATTCATGCATTATTTT	{25499}
2.5126942636811997	25534	25622	88	25534	1	1.0	TTGCTTGTTAGGTTCTTTTGGACTGGTTAC	25592	1	1.0	TTGTCATCTTGAATGACACTACCTTGGCCT	1	1.0	TATGCCTGTCGATATAGAACTTTTCTAT	{25564}
2.5126942636811997	25772	25860	88	25772	1	1.0	TTGAGCTTGTTCGCTGTGTCGAACTTATTA	25830	1	1.0	AGAACCCGTTGTTGGTGTCGTGAATATGAA	1	1.0	ATGGCTCGTTTTTCTACATCTTCGCAAG	{25802}
2.5126942636811997	27356	27444	88	27356	1	1.0	CCAAGTCAGCCTAATTCTCGCTCTAACTCA	27414	1	1.0	CTCGTGCTAATTCTCAAAGCAGGGATAATT	1	1.0	CGCAGTCAGAGCAGTGGTGGCAGCAAGT	{27386}
2.534811090344213	25713	25803	90	25713	1	1.0	ACCATTTGTAGGTGCCAAAGAGCTTTATGT	25773	1	1.0	TGAGCTTGTTCGCTGTGTCGAACTTATTAA	1	1.0	TGCTGTTAGGGGCATGAATGATGAAAAT	{25743}
2.5453224201679636	25820	25911	91	25820	1	1.0	TCTTCGCAAGAGAACCCGTTGTTGGTGTCG	25881	1	1.0	CGAAGATGTTAACATTGATTGATGACCACG	1	1.0	TGAATATGAAATTCACTGAGATACAACT	{25850}
2.565364373321448	17435	17528	93	17435	1	1.0	CCAAGAAGGGTATCTTCTGTATTATGTGTG	17498	1	1.0	AAGTCAAACTCACTGATCTGCAGGCTGGAG	1	1.0	TTGCTGTATGAAGCGCTTAAGTTCTTTG	{17470}
2.565364373321448	27416	27509	93	27416	1	1.0	CGTGCTAATTCTCAAAGCAGGGATAATTCA	27479	1	1.0	AACTCAAGAAGTAATTCACAGGAACGTTCC	1	1.0	AACCAGCAAAAGACGCCCAAGGGCTCAA	{27446}
2.5749342433258255	17988	18082	94	17988	1	1.0	AGGACAGCCTTGGACTGTCATTCGTAAGCG	18052	1	1.0	TCATCTGACATTCTCATTTTTGTGCTCTGG	1	1.0	TACAGATGTGTTGTGATTATGTCAGTCC	{18023}
2.5842266863651715	25902	25997	95	25902	1	1.0	ATGACCACGGGTTGGTTGTCAACATTTTAC	25967	1	1.0	TGCAGTTCTATTATTCAGTTTGTGCAGCTG	1	1.0	TTTGGTTAATAGTGTGTATATGCGTCAT	{25932}
2.6237942636811997	27616	27704	88	27616	1	1.0	GAATGGTGGTAAGAAATCAGCTCCAAGCAG	27674	1	1.0	TCAAAATCGCCAGCGAGACCTCAGTCGACC	2	1.0	TGGAAAGTCAACTCCCAAGGACTCGCGC TGGAAAGTCAACTCCTAAGGACTCGCGC	{27646} {27646}
2.6575857056612073	27309	27413	104	27309	1	1.0	CCCAGTTTGACTTTGATCTTCCAAAGAACA	27383	1	1.0	TCACGCAGTCAGAGCAGTGGTGGCAGCAAG	1	1.0	TTGAAATTGTGACTGCCCCAAGTCAGCC	{27339}
2.678729642842771	19771	19878	107	19771	1	1.0	GTCTCTAAAACCACATTAGGTGGTTTACAC	19848	1	1.0	CGAGGAGTTTGTGCATACTGGTGATAGTTC	1	1.0	TCAGGTTAGGTTGAGTAAGATGGGCATT	{19812}
2.7131405378427527	19423	19520	97	19423	1	1.0	GACAATAGTATTGCTGGTTCTTTTGAACGG	19490	1	1.0	CTGCTGTTAAAAAGTTGTCCGCTATTAAGC	2	1.0	TCTATGTGTCGTGACGGTGTTTTGATCT TTTTCTATGTGTCGTGACGGTGTTTTGA	{19456} {19453}
2.7348942636811997	25366	25482	116	25366	1	1.0	GGTTACCTTCTTACTAGCCTCTTTGTATTG	25452	1	1.0	ACGCATTTTGCTCATTTTGGTGTATTGTCC	1	1.0	TTAGGGGCAATTATGCATGCTTTATTGC	{25424}
2.7405681611474058	28787	28904	117	28787	1	1.0	GCAGTCTTATACACTATGGTAAGCCTGTAA	28874	1	1.0	CTACAGTGCTACCCCTTTCGGAGTAATTGA	1	1.0	TTACTAGCCTTAGATGAAAATTAGTTGC	{28846}
2.751623285568201	25556	25675	119	25556	1	1.0	CTGGTTACTATGCCTGTCGATATAGAACTT	25645	1	1.0	TATTCATCTCAGCCCTATATGGTTTTGCCT	1	1.0	TTTGTCATCTTGAATGACACTACCTTGG	{25591}
2.7537729313414405	25596	25698	102	25596	1	1.0	CATCTTGAATGACACTACCTTGGCCTTTGT	25668	1	1.0	TTTGCCTGGTGGCGAACATTATGTTCAGCT	2	1.0	TAATGGAAAAGCCTGGTACTATTCATCT TGGTATTATTCATCTCAGCCCTATATGG	{25626} {25639}
