cost	target-start	target-end	target-length	left-primer-start	left-primer-num-primers	left-primer-frac-bound	left-primer-target-sequences	right-primer-start	right-primer-num-primers	right-primer-frac-bound	right-primer-target-sequences	num-guides	total-frac-bound-by-guides	guide-target-sequences	guide-target-sequence-positions
3.9571942636811994	255	343	88	255	2	1.0	AACCAAGTGACACTTGCGGTTGCAAGTGAT AACCAGTTGACGCTTGCTGTTGCAAGCGAC	313	2	1.0	CCCTGTCTGAAGCCGTGCACTCATATAGTG CTCCTTCTGTAGCCGTTCGCGCTTATAGCG	2	1.0	TCGGAAATTTCAGCTCATGGGTGTGCAT TCGGAAATTTCAGGTCATGGCTGTTCTT	{285} {285}
3.9571942636811994	2648	2736	88	2648	2	1.0	TATGTGGTTTTCAACGGTGTTCTTAGTCGC TATGTTGTTATTGGTGACTTTGTTAGCCGC	2706	2	1.0	ATTGCTCATTTGACAGCCGTGTTGGCGAGT CTGTCCCTTGTGACAGTCGCATCACTTCTT	2	1.0	CTTGCGCGTAAGAAACCTGCTGATGTTG GTTGTTTGTAAGAAGAGGGCTGATGTTC	{2678} {2678}
3.9571942636811994	3098	3186	88	3098	2	1.0	GCATTGTGTAACACGCTTCGCACAGCTTTG GGCCTATGTAAAATGCTCACATCAGCAATG	3156	2	1.0	CACAATTCTACATCTATGATGAAGAGGGTG CAGAGTGTTTCATTTATGATGAAGAAGGGG	2	1.0	AATGTTATAGGGCAGCACGTCACATTGC GATGTTTTGTCTAAGCACGTCAAGTTAC	{3128} {3128}
3.9571942636811994	3889	3977	88	3889	2	1.0	ACCATTTGATGTTAAGGACAGTATAGTCCC GCCTGTTGATTTTGATGCACTGCCAACCAT	3947	2	1.0	AGTAGAGGTTCTGGCCATTACCAAACAAAC TCCACAGAGGCCGGCCATTACAAGGTTAAC	2	1.0	GCCCATTTGTGCGTCTGCGTATTTGGGT TGTTAAGTGTGCAGCTGTGTACTTGGGT	{3919} {3919}
3.9571942636811994	25322	25410	88	25322	2	1.0	CAACTGTACTATGCTTCGCCATGGGCAAAT CCCACGTGCTTTGCTTTGTCGTGGGCAAAC	25380	2	1.0	AAAGGAGTTCGTTGCCGTTTATGGTGGTGA CCTAGAGTTTCTTGCCATTAGTGGAGGTGA	2	1.0	CGTGGTTTTATGAAAAGTCTCACTATGG GTTGGTATTTTGATAAAAAGAAGTTTGG	{25352} {25352}
3.9571942636811994	26758	26846	88	26758	2	1.0	AACCACGCTGGCGCATGCGCAAAGGCGAAA AACGTCGTTGGCGTATGCGTAAAGGCCAGA	26816	2	1.0	CTACTACCTTGGAACTGGACCACGAGCTGA TTACTATCTTGGAACTGGTCCCCAAAGCAA	2	1.0	AGGTTGAACTTCCCTCAAAGTGGCACTT GAGTTGACATTGATCCAAAAGTTCATTT	{26788} {26788}
3.9684433771173464	5936	6025	89	5936	2	1.0	CTCAGGGCCTGTCGATAGTGGGCATTACAC TTCAGGTCCTGTTGACAGTGGTCATTATAC	5995	2	1.0	ATGACGGCGACCGGTATTTGGCACATGATT ATGATGGTGACCGTTTTGTGGCATCAGATC	2	1.0	GTTTATGACTCTTTAACCAAGTCCATTT TGTCTTTGACGCACGTGGTAAATCCATG	{5967} {5966}
3.9684433771173464	27371	27460	89	27371	2	1.0	AATGAACAAACCTAAATGGAAACGTGTCCC AATGGACAAACCAAGATGGAAGCGCACACC	27430	2	1.0	TCGGCCCTAGGGATTTTGATCACAACATGG TCGGCCCTCGCGATTTCGACCACAACTTTG	2	1.0	AATCAGGAGGAAGATGTCGTGAAGTGCT TAATGCTAGTGAAAATGTAATCAAGTGC	{27402} {27401}
3.9793110903442126	3055	3145	90	3055	2	1.0	AAAGACTATCGGCAAGCGTATCGTTCACAC GAAAAGTCTTGGCAAGTCCATCATGTACAC	3115	2	1.0	CACATCAGCAATGAATGTTATAGGGCAGCA TCGCACAGCTTTGGATGTTTTGTCTAAGCA	2	1.0	GTGATTGGGATGCATTGTGTAACACGCT TGGTGATTGGGATGGCCTATGTAAAATG	{3087} {3085}
4.0	4870	4962	92	4870	2	1.0	AGCAATTGAATGGTGTTCTGTCGTCTGCCA CCAAGCTTAATGGTATTTTACAACAGGCCG	4932	2	1.0	CCCGCTGGCAACATGATTAAACTTGTCGTA CCCGCTGGTAATTTGGTGAAACTCGTTGTT	2	1.0	AGATTATCTTAGTAAGAACAAGGCTGTA CTTTAGATTATCTTAAGAAGGTTAAAGC	{4904} {4900}
4.009864373321448	1932	2025	93	1932	2	1.0	GGACAGGCATTTTATTTCTGTAACGGTGTA GGTCAAGCTTTCTTTCATAGTGGTGGTGTT	1995	2	1.0	AATGAGCCTGCATTTGCTGGTGACGCTTCT CAAGAGCCAGTCTTTGCTGGTGAAGCTTCC	2	1.0	CCGCTTGATGGCGACTCCAACTGCCGTC TTTTATGGTGAGCCCTACTGCTGTATTG	{1964} {1967}
4.009864373321448	10023	10116	93	10023	2	1.0	ATACTTGCAGCTAAGACCGGTGTTAGCGTT ATTTTAGCTGCTAAGACTGGTGTTAGTGTG	10086	2	1.0	AACGGTTTTGGTGGTAAAAACATCTTAGGG GACGGTTTTGGTGGTAAGACTATATTAGGT	2	1.0	CGGCTCCTTTCTGCCATACAACGATTGG GAACAGATTTTGGCTGCGATTCAGCGTT	{10056} {10053}
4.009864373321448	12803	12896	93	12803	2	1.0	GTGATGGAACACGAGCAGTCCATGTTTAAC GTTATGGATCACGAGCAATCCATGTATGAA	12866	2	1.0	GATTTCTTTACATGGAAAGATGGCAGAGTC GATTTCTTTACATGGCGTGAGGGTAGGTCT	2	1.0	CTGTTAAAGGGCTGTGGTTCATTGGCTT TACTTAGTGGTTCAAATGCCTTGGCTCA	{12833} {12834}
4.037757335320482	2412	2508	96	2412	2	1.0	ACATTGATGGCGGTCGTCTTTGGAAGATGT AGATAGATGGTGGAAAAATTTGGGACACAG	2478	2	1.0	AAACCCTTAAGCTTACACTCACCCCTAAAG AATCTGCCCAGTTTACCCTTACCCCCGACG	2	1.0	TCGTGCAAAAACTTGACTCTGTTGTTGA TTAACTCGTGTAAGGCTCTATTTGACTT	{2442} {2445}
4.037757335320482	5839	5935	96	5839	2	1.0	TCAAGTCTGTCAAAGGTCGTGCTGTGGTTA TCAAGTCTGTTAGAGGTCGTGTTGTGATCA	5905	2	1.0	GACTGCTCAAGGGTGTTGCATACGTAGCAT GGTTGTTGAATGGTATTGCTTATACAGCGT	2	1.0	CCAACGTAGAAGTCCCTACAGTGTTGCC CTAATGTAGATAGGCCTGTGGTTGCCCA	{5869} {5869}
4.037757335320482	16287	16383	96	16287	2	1.0	TCACTGCATGTGCCCATGCTGCTGTTGACT TTACAGCTTGTGCTCACGCTGCCGTTGACT	16353	2	1.0	ACAAGTGCACTAGAATTATACCTGCACGGG ACAAGTGTACAAGAATAATACCAGCACGGG	2	1.0	CGCTTTGTGCTAAGGCGGCTACGGCGTA GCCAAGGCTGCAACGGCTTATAGTGTGG	{16317} {16325}
4.063416373031192	1275	1374	99	1275	2	1.0	TTCTGCTATGATGTCAGCACACGTCTTTCT TTCTGCTTTGACGTCAATACCCAGATGGCT	1344	2	1.0	GAAGATGTCAAAGTTGCTGCCACCTCTGGT GATGCAGTCAAGAATGCCGTTTGCTCTGGT	2	1.0	CTCCAGTTACGTTTGGCTTTTCTTGGTG TCCGATTGGCCTTTTTGGGCAACCAGCC	{1305} {1312}
4.063416373031192	1969	2068	99	1969	2	1.0	TGATGGCGACTCCAACTGCCGTCTTACAGG TTATGGTGAGCCCTACTGCTGTATTGAATG	2038	2	1.0	TTAAGGAATCTCCGCCTAGTGGCTTCACAC TTAGCGGTTTTAAACTCGATGGGTTTAAGC	2	1.0	AGCCAGTCTTTGCTGGTGAAGCTTCCTA AGCCTGCATTTGCTGGTGACGCTTCTTA	{1999} {1999}
4.063416373031192	5758	5857	99	5758	2	1.0	GTGCTGTTGTTTGCGCTAGCGTGTTGCGTG GTGCTGTTGTTTGTGCTAGTGTTCTTAAAG	5827	2	1.0	TACGCTCACGGGTCAAGTCTGTTAGAGGTC TACGTGCTCGTGTCAAGTCTGTCAAAGGTC	2	1.0	AGTTGGCTTTTGTCCTCATAGGCATAAG GCCGGTCATTGCCCACACAGGTGTAAAG	{5798} {5799}
4.068294263681199	3592	3680	88	3592	2	1.0	TAGGACTGGTCCAATAGTTCAGAAGTGTTA TCGTGTTGCACCACTTGTTAAACAATGCTA	3650	2	1.0	CTTGGTGATAGTGGTGAACTTCTTAACAAG TTAGGCGATGTCGCAGAATGCATGGATAAG	3	1.0	CGAAGCTCTAAGCACCATTAAAGGGGCT CGAAGCTCTGAGTACCATTAAAGGGGCT CGAATTGTCAAACTCAGTTCGTGGTTCG	{3622} {3622} {3622}
