cost	target-start	target-end	target-length	left-primer-start	left-primer-num-primers	left-primer-frac-bound	left-primer-target-sequences	right-primer-start	right-primer-num-primers	right-primer-frac-bound	right-primer-target-sequences	num-guides	total-frac-bound-by-guides	guide-target-sequences	guide-target-sequence-positions
2.5126942636811997	82	170	88	82	1	1.0	TACGTCTTTTTGTGTATGCTACGCATGCAC	140	1	1.0	CAGGTTGCCAGCCTTGTGTAACAAGTGTCG	1	1.0	AATTAGATGTGTATTTGAGATTTCGTTC	{112}
2.5126942636811997	2386	2474	88	2386	1	1.0	TCAGCCTTATTTGGACCTTAAACCATCTGT	2444	1	1.0	CGAGCTGTTGATGGTGGTCGTCTGTGGCGT	1	1.0	TGATGTGTATTTAGGTCCTGAGATTGTA	{2416}
2.5126942636811997	3375	3463	88	3375	1	1.0	ACAAGGCTTTTGCTATTGATGATTCACCAG	3433	1	1.0	CACAAATGAGATTAATGGACGGCGTGTGCT	1	1.0	AGAGAGCTATTAGTCCATTTGGTTTTGA	{3405}
2.5126942636811997	3474	3562	88	3474	1	1.0	ACAACAACTGTTGGGTTAATGCTGCTTGTT	3532	1	1.0	CCCAGCTATGGAACTTTATAGAGTTGGTGG	1	1.0	ATCAGTTACAAGTTCTAGGTTTTGACAG	{3504}
2.5126942636811997	3581	3669	88	3581	1	1.0	CAATGTTACGAGGCCACTGGTGCATTTTTA	3639	1	1.0	TAGAGGTATTGCTTAAGGATGCTAAGACAG	1	1.0	GGTTCTTTGGGTGATGTTGCACATTGTT	{3611}
2.5126942636811997	3650	3738	88	3650	1	1.0	CTTAAGGATGCTAAGACAGCCAAAGTTACT	3708	1	1.0	ACTTCGAAGAACTTAGCGGTGCTTTCTTTA	1	1.0	GTTGAAGTTACTTGTGATTGTTCATCTA	{3680}
2.5126942636811997	3824	3912	88	3824	1	1.0	GGCTCTGCAATATTTTCACAGACTCTTAAG	3882	1	1.0	ATGTTGCTAGTGCTAGCGTCTTTCTTGGTG	1	1.0	CCATTGGATTTCAATGACCTGATCTGTG	{3854}
2.5126942636811997	4233	4321	88	4233	1	1.0	GGAACGGTAAGGTTGCAACTGGTGAGTGTG	4291	1	1.0	CCTTAATGCAGTTGGTCCTCGTAAGGGCAA	1	1.0	TTATGATTGATACTGGCAAGTTAAAAGT	{4263}
2.5126942636811997	5702	5790	88	5702	1	1.0	CGTGTGCAAGTTATCGGTGTTAAAGGTGAC	5760	1	1.0	TAAACGGACCTTATGTGTATGGTGATGCTT	1	1.0	ATCATTTTACTACACAGCGGTAGCTTGT	{5732}
2.5126942636811997	6511	6599	88	6511	1	1.0	TGAGCGGTTTGCATTATGTTATTTTGCTGC	6569	1	1.0	TTAAAGTTGCAGGACTCCTTTTGGCTAGTT	1	1.0	ACAATTTATTAATAATGTGCTCAGCTTT	{6541}
2.5126942636811997	11236	11324	88	11236	1	1.0	GAATACTGCAAAGGGTGAGTTTGACCACGA	11294	1	1.0	ATGGCTGATGCGGCTGCAGCTCAGATGTAT	1	1.0	GGCTTCAGTTCAGAAGAAGATTCAGCGT	{11266}
2.5126942636811997	25480	25568	88	25480	1	1.0	AACGAATATGGCCACTGTTAATTGGGGTGA	25538	1	1.0	CGTAAAAGAATTCCATTGTCACTCTTTGCG	1	1.0	CGCTGTTGAACAGGCGGAATCTCGTGGT	{25510}
2.5239433771173467	4447	4536	89	4447	1	1.0	GGATGCATGTGGTGATAGGCACGTTAAATG	4506	1	1.0	CAGTTATGAAGTTCTTGACGACACCTTTTG	1	1.0	TTTGTTTATTCTGACTCTGAAAGGGAGT	{4478}
2.5239433771173467	6911	7000	89	6911	1	1.0	ACTAAGTTACATGTTAAGCCTACTGGTCCT	6970	1	1.0	TAGTGATGGATTTTACCGCATCTTTTCTGG	1	1.0	GCTTTTATTAATGTTGATAGGGTTGAGT	{6941}
2.565364373321448	2210	2303	93	2210	1	1.0	GCACATGTTGTTGATGGTGCTATTAATGTG	2273	1	1.0	TTGGATGGTTTTCCAGAGTGGTTTTCATTC	1	1.0	TGATTATAAGTTTATTTGTCCTGCTTTC	{2245}
2.565364373321448	3043	3136	93	3043	1	1.0	GGTTAAACTGTCCTTTGAGTTTGAGGATGA	3106	1	1.0	TAGCAAAGTTAAGTGTAGTTCCTGGTCCCA	1	1.0	TGATTGAACTTTGTAAGAAGGTTATTGG	{3078}
2.5932573353204815	26027	26123	96	26027	1	1.0	GTTGCTGCAGTTAAACAAGCTTTGGCAGAC	26093	1	1.0	GGTAAAAATACACCCAAACCAAGAAGCAGA	1	1.0	TTGGGCATAGCTTCTAGCCAGTCCAGGC	{26057}
2.6020405378427527	7798	7895	97	7798	1	1.0	CGGTTACGACTTTAAGTATATTGAGGATGG	7865	1	1.0	CGCAACACGTTTGACACATTTATGGACTGG	1	1.0	GCCATTTGCTAATGGTTTGTATTGCGTT	{7837}
2.6189163730311917	25513	25612	99	25513	1	1.0	TGTTGAACAGGCGGAATCTCGTGGTCGTAA	25582	1	1.0	AGATGGCAAAAACTTTTGGAATGTCATGCC	1	1.0	AAGAATTCCATTGTCACTCTTTGCGCCT	{25543}
2.6237942636811997	7737	7825	88	7737	1	1.0	TTTTGGCGTTATTCGTGCTACTGAATTGTG	7795	1	1.0	ACCCGGTTACGACTTTAAGTATATTGAGGA	2	1.0	TGGGTTTTACGGAGTACGCATCTAGCTT TTGGTTTTACTGAGTACGCATCTAGCTT	{7767} {7767}
