cost	target-start	target-end	target-length	left-primer-start	left-primer-num-primers	left-primer-frac-bound	left-primer-target-sequences	right-primer-start	right-primer-num-primers	right-primer-frac-bound	right-primer-target-sequences	num-guides	total-frac-bound-by-guides	guide-target-sequences	guide-target-sequence-positions
2.5126942636811997	623	711	88	623	1	0.9987102321582115	TTGGAATTTCTGGCCCAGACAGTGGGGCAG	681	1	0.9969905417024936	AACAGACACTATCAAGAGTTGGAGGAACAA	1	0.9997850386930353	TGGCTGTGTTAAAATACAATGGCATAAT	{653}
2.5126942636811997	1119	1207	88	1119	1	0.9969905417024936	GATAGGGAGAACTAAGAGCATTAGTTCAAG	1177	1	0.9987102321582115	AATGGATGGACTGGGACTGACAATAAATTC	1	0.9989251934651763	AAAAGGTTTTGAGATGATTTGGGATCCG	{1149}
2.5126942636811997	1294	1382	88	1294	1	0.9974204643164231	TGTATAAGACCTTGCTTCTGGGTTGAACTA	1352	1	0.9967755803955288	TCTGGACTAGCGGGAGCAGCATATCCTTTT	1	0.9997850386930353	ATAAGAGGACGACCCGAAGAGAACACAA	{1324}
2.534811090344213	966	1056	90	966	1	0.9969905417024936	CCAGAATCTGGAATATCAGATGGGATACAT	1026	1	0.9974204643164231	CCCTAATGATAAGACAGGCAGTTGTGGTCC	1	0.9993551160791058	GCAGTGGGGTTTTCGGAGACAATCCACG	{998}
2.6237942636811997	388	476	88	388	1	0.9959157351676698	GTCATAAGGGAACCATTCATATCATGCTCT	446	1	0.9959157351676698	CTCAAGGGGCTTTGCTAAATGACAAACATT	2	0.9995700773860705	CCCTTGGAATGCAGAACCTTCTTCTTGA CCCTTGGAATGCAGAACTTTCTTCTTGA	{418} {418}
2.6237942636811997	783	871	88	783	1	0.9997850386930353	AAGTGATGGACAGGCCTCATACAAAATCTT	841	1	0.9987102321582115	TCAGTCGAAATGAAAGCCCCTAATTATCAC	2	0.9984952708512468	CAGAATAGAAAAAGGGAAAATAATCAAA CAGAATAGAAAAGGGAAAGATAATCAAA	{813} {813}
2.645911090344213	1050	1140	90	1050	1	0.998280309544282	TGGTCCAGTATCGTCTAATGGAGCAAATGG	1110	1	0.9976354256233878	TGGTGTTTGGATAGGGAGAACTAAGAGCAT	2	0.9918314703353397	TAAAAGGATTTTCATTCAAATATGGCAA TAAAGGGATTTTCATTTAAATACGGCAA	{1082} {1082}
2.6502160284948064	1181	1284	103	1181	1	0.9978503869303526	GATGGACTGGGACTGACAATAAATTCTCAA	1254	1	0.9972055030094583	CGGGAGTTTTGTTCAGCATCCAGAACTAAC	1	0.9916165090283748	TAGGAATAAATGAGTGGTCAGGGTATAG	{1226}
2.676464373321448	1340	1433	93	1340	1	0.9937661220980224	AAGAGAACACAATCTGGACTAGCGGGAGCA	1403	1	0.9978503869303526	TGGGTTGGTCTTGGCCAGACGGTGCTGAGT	2	0.9989251934651763	GCATATCCTTTTGTGGTGTAAACAGTGA TCCTTTTGTGGTGTAGACAGTGACACTG	{1370} {1375}
2.7043573353204815	1261	1357	96	1261	1	0.9967755803955288	TTTGTTCAGCATCCAGAACTAACAGGGCTG	1327	1	0.9924763542562339	AGAGGACGACCCGAAGAGAACACAATCTGG	2	0.999140154772141	AAGTGTATAAGACCTTGCTTCTGGGTTG GATTGTATAAGACCTTGCTTCTGGGTTG	{1291} {1291}
2.7348942636811997	146	262	116	146	1	0.9961306964746346	GCCACTCAATTCAAATTGGAAATCAAAGCC	232	1	0.9929062768701634	CAGACATATGTTAACATCAGCAACACCAAC	1	0.9950558899398109	CATTACTTATGAAAACAACACTTGGGTA	{201}
2.7348942636811997	864	952	88	864	1	0.9954858125537404	TTATCACTATGAGGAATGCTCCTGTTACCC	922	1	0.9937661220980224	AGGGATAACTGGCATGGCTCGAATCGACCG	3	1.0	CGACTCTAGTGAAATCACATGTGTGTGC TGATTCTAGTGAAATCACATGTGTGTGC TGATTCTAGTGAAATCACCTGTGTGTGC	{894} {894} {894}
2.757011090344213	405	525	120	405	1	0.9926913155631987	CATATCATGCTCTCCCTTGGAATGCAGAAC	495	1	0.9939810834049871	AGACAGGAGCCCATATCGAACCCTAATGAG	1	0.9952708512467756	TTCTTCTTGACTCAAGGGGCTTTGCTAA	{436}
2.7875643733214486	1261	1387	126	1261	1	0.9967755803955288	TTTGTTCAGCATCCAGAACTAACAGGGCTG	1357	1	0.9974204643164231	ACTAGCGGGAGCAGCATATCCTTTTGTGGT	1	0.9997850386930353	ATAAGAGGACGACCCGAAGAGAACACAA	{1324}
2.8096648453679434	498	608	110	498	1	0.9948409286328461	CAGGAGCCCATATCGAACCCTAATGAGCTG	578	1	0.9980653482373173	CTTGGTCAGCAAGTGCTTGTCATGATGGCA	2	0.9980653482373173	ATTGGTGAAGTTCCCTCTCCATACAACT TCCTATTGGTGAAGTTCCTTCTCCATAC	{532} {528}
2.8154573353204815	1050	1182	132	1050	1	0.998280309544282	TGGTCCAGTATCGTCTAATGGAGCAAATGG	1152	1	0.9989251934651763	AGGTTTTGAGATGATTTGGGATCCGAATGG	1	0.9978503869303526	TTGGATAGGGAGAACTAAGAGCATTAGT	{1116}
2.836979969342407	1294	1431	137	1294	1	0.9974204643164231	TGTATAAGACCTTGCTTCTGGGTTGAACTA	1401	1	0.998280309544282	TGTGGGTTGGTCTTGGCCAGACGGTGCTGA	1	0.9997850386930353	ATAAGAGGACGACCCGAAGAGAACACAA	{1324}
2.8516681611474057	232	349	117	232	1	0.9929062768701634	CAGACATATGTTAACATCAGCAACACCAAC	319	1	0.9959157351676698	CCTGTTAGTGGATGGGCTATATACAGTAAA	2	0.9974204643164231	GTCAGTGGCTTCTGTGAAAATAGCAGGC TCCGTGAAATTAGCGGGCAATTCCTCTC	{276} {286}
2.8532146706409636	864	1005	141	864	1	0.9954858125537404	TTATCACTATGAGGAATGCTCCTGTTACCC	975	1	0.999140154772141	GGAATATCAGATGGGATACATATGCAGTGG	1	0.9961306964746346	TGGCATGGCTCGAATCGACCGTGGGTGT	{931}
2.8532146706409636	1181	1322	141	1181	1	0.9978503869303526	GATGGACTGGGACTGACAATAAATTCTCAA	1292	1	0.9995700773860705	ATTGTATAAGACCTTGCTTCTGGGTTGAAC	1	0.9916165090283748	TAGGAATAAATGAGTGGTCAGGGTATAG	{1226}
